   -23.4800   -23.3907   -23.1233   -22.6799   -22.0640   -21.2801   -20.3343
   -19.2337   -17.9867   -16.6029   -15.0927   -13.4676   -11.7400   -9.92308
   -8.03063   -6.07707   -4.07726   -2.04642   -1.02634E-06    2.04642    4.07726
    6.07707    8.03063    9.92308    11.7400    13.4676    15.0927    16.6029
    17.9867    19.2337    20.3343    21.2801    22.0640    22.6799    23.1233
    23.3907    23.4800    23.3907    23.1233    22.6799    22.0640    21.2801
    20.3343    19.2337    17.9867    16.6029    15.0927    13.4676    11.7400
    9.92308    8.03063    6.07707    4.07726    2.04642   -1.02634E-06   -2.04642
   -4.07726   -6.07707   -8.03063   -9.92308   -11.7400   -13.4676   -15.0927
   -16.6029   -17.9867   -19.2337   -20.3343   -21.2801   -22.0640   -22.6799
   -23.1233   -23.3907   -23.4800   -32.2966   -32.1539   -31.7373   -31.0518
   -30.0962   -28.8734   -27.4089   -25.7133   -23.8020   -21.7031   -19.4344
   -17.0333   -14.5295   -11.9735   -9.39702   -6.85581   -4.40426   -2.09681
   -9.86731E-07    1.81897    3.29195    4.36513    5.05286    5.53628    6.20131
    7.27956    8.63821   10.04497    11.3554    12.5098    13.4845    14.2652
    14.8655    15.3094    15.6087    15.7792    15.8295    15.7792    15.6087
    15.3094    14.8655    14.2652    13.4845    12.5098    11.3554   10.04497
    8.63821    7.27956    6.20131    5.53628    5.05286    4.36513    3.29195
    1.81897   -9.86731E-07   -2.09681   -4.40426   -6.85581   -9.39702   -11.9735
   -14.5295   -17.0333   -19.4344   -21.7031   -23.8020   -25.7133   -27.4089
   -28.8734   -30.0962   -31.0518   -31.7373   -32.1539   -32.2966   -32.5577
   -32.4437   -32.1116   -31.5625   -30.7701   -29.7305   -28.4517   -26.9118
   -25.1142   -23.0705   -20.7948   -18.3072   -15.6486   -12.8688  -10.02388
   -7.19291   -4.47875   -2.01361   -8.47602E-07    1.26859    2.24536    4.22093
    6.45018    8.53621   10.31094    11.6362    12.3249    12.1167   10.56923
    7.12322    7.22380    12.1921    15.8709    18.4067    20.0855    21.0634
    21.3802    21.0634    20.0855    18.4067    15.8709    12.1921    7.22380
    7.12322   10.56923    12.1167    12.3249    11.6362   10.31094    8.53621
    6.45018    4.22093    2.24536    1.26859   -8.47602E-07   -2.01361   -4.47875
   -7.19291  -10.02388   -12.8688   -15.6486   -18.3072   -20.7948   -23.0705
   -25.1142   -26.9118   -28.4517   -29.7305   -30.7701   -31.5625   -32.1116
   -32.4437   -32.5577   -25.2976   -25.3264   -25.3794   -25.4246   -25.3967
   -25.2298   -24.8445   -24.1803   -23.1824   -21.8291   -20.1105   -18.0393
   -15.6528   -12.9977  -10.15876   -7.23750   -4.37443   -1.79569   -5.95752E-07
    1.54566    3.86788    6.32000    8.58621   10.38914    11.3303   10.52661
    4.53246    12.4445    18.2544    22.3921    25.6811    28.3463    30.4706
    32.1050    33.2557    33.9482    34.1745    33.9482    33.2557    32.1050
    30.4706    28.3463    25.6811    22.3921    18.2544    12.4445    4.53246
   10.52661    11.3303   10.38914    8.58621    6.32000    3.86788    1.54566
   -5.95752E-07   -1.79569   -4.37443   -7.23750  -10.15876   -12.9977   -15.6528
   -18.0393   -20.1105   -21.8291   -23.1824   -24.1803   -24.8445   -25.2298
   -25.3967   -25.4246   -25.3794   -25.3264   -25.2976   -18.1737   -17.9828
   -17.3701   -16.2383   -14.4198   -11.9742   -11.0676   -13.6477   -15.9662
   -17.0368   -17.0274   -16.1534   -14.5746   -12.4342   -9.87322   -7.04337
   -4.13161   -1.47092   -8.26024E-07    2.15396    4.75658    7.32793    9.50683
    10.8020    9.96544    6.75888    15.5234    20.4987    24.3596    27.5494
    30.2000    32.3627    34.0935    35.4083    36.3319    36.8830    37.0615
    36.8830    36.3319    35.4083    34.0935    32.3627    30.2000    27.5494
    24.3596    20.4987    15.5234    6.75888    9.96544    10.8020    9.50683
    7.32793    4.75658    2.15396   -8.26024E-07   -1.47092   -4.13161   -7.04337
   -9.87322   -12.4342   -14.5746   -16.1534   -17.0274   -17.0368   -15.9662
   -13.6477   -11.0676   -11.9742   -14.4198   -16.2383   -17.3701   -17.9828
   -18.1737   -19.4312   -19.5920   -20.0286   -20.5375   -20.8569   -20.7648
   -20.0617   -18.5824   -16.0585   -11.7533   -4.80032   -10.8906   -11.9315
   -11.0579   -9.15668   -6.63598   -3.79912   -1.47316   -1.05260E-06    2.45896
    5.21081    7.80882    9.80452   10.36841    5.56020    13.7185    18.8343
    22.6350    25.6881    28.1520    30.1161    31.6401    32.7971    33.6339
    34.2021    34.5344    34.6391    34.5344    34.2021    33.6339    32.7971
    31.6401    30.1161    28.1520    25.6881    22.6350    18.8343    13.7185
    5.56020   10.36841    9.80452    7.80882    5.21081    2.45896   -1.05260E-06
   -1.47316   -3.79912   -6.63598   -9.15668   -11.0579   -11.9315   -10.8906
   -4.80032   -11.7533   -16.0585   -18.5824   -20.0617   -20.7648   -20.8569
   -20.5375   -20.0286   -19.5920   -19.4312   -20.9665   -20.4381   -18.7546
   -15.5927   -12.6383   -15.8311   -18.6075   -19.6222   -19.2921   -17.8384
   -15.2862   -11.2857   -3.76288   -8.21666   -7.92034   -6.03396   -3.47838
   -1.75716   -1.15913E-06    2.59950    5.39877    7.94141    9.67975    9.28903
    9.10626    15.3440    19.1439    21.8984    23.8431    25.0988    25.7775
    26.0503    26.0904    26.0742    26.0807    26.1148    26.1366    26.1148
    26.0807    26.0742    26.0904    26.0503    25.7775    25.0988    23.8431
    21.8984    19.1439    15.3440    9.10626    9.28903    9.67975    7.94141
    5.39877    2.59950   -1.15913E-06   -1.75716   -3.47838   -6.03396   -7.92034
   -8.21666   -3.76288   -11.2857   -15.2862   -17.8384   -19.2921   -19.6222
   -18.6075   -15.8311   -12.6383   -15.5927   -18.7546   -20.4381   -20.9665
   -26.7535   -26.5130   -25.7420   -24.3465   -22.0765   -18.3003   -10.8114
   -14.4401   -17.6267   -18.0082   -16.8651   -14.5840   -11.2142   -6.34910
   -5.97595   -5.28335   -3.27446   -1.90336   -1.19271E-06    2.62587    5.38679
    7.79992    9.22308    7.78232    10.5793    14.8002    17.1231    17.9503
    17.0807    15.2990    16.8555    18.8942    19.3592    18.1590    15.1580
   10.02907    4.88215   10.02907    15.1500    18.1590    19.3592    18.8942
    16.8555    15.2990    17.0807    17.9503    17.1231    14.8002    10.5793
    7.78232    9.22308    7.79992    5.38679    2.62587   -1.19271E-06   -1.90336
   -3.27446   -5.28335   -5.97595   -6.34910   -11.2142   -14.5840   -16.8651
   -18.0082   -17.6267   -14.4401   -10.8114   -18.3003   -22.0765   -24.3465
   -25.7420   -26.5130   -26.7535   -25.8540   -25.7556   -25.4461   -24.8103
   -23.7045   -21.8973   -18.9803   -13.7298   -12.5698   -15.9848   -16.2543
   -14.9391   -12.5325   -9.20729   -5.34223   -4.52247   -3.14066   -1.91349
   -1.17398E-06    2.56245    5.20782    7.42707    8.49674    6.55906   10.10030
    12.2588    11.9900    15.4215    19.7701    22.5463    23.9360    23.8413
    21.7106    16.1011    18.9431    22.8328    23.9006    22.8328    18.9431
    16.1011    21.7106    23.8413    23.9360    22.5463    19.7701    15.4215
    11.9900    12.2588   10.10030    6.55906    8.49674    7.42707    5.20782
    2.56245   -1.17398E-06   -1.91349   -3.14066   -4.52247   -5.34223   -9.20729
   -12.5325   -14.9391   -16.2543   -15.9848   -12.5698   -13.7298   -18.9803
   -21.8973   -23.7045   -24.8103   -25.4461   -25.7556   -25.8540   -20.7677
   -20.8718   -21.1138   -21.2963   -21.2097   -20.6163   -19.2836   -16.8555
   -12.7944   -12.8800   -14.5628   -14.1385   -12.4168   -9.76896   -6.42582
   -4.02079   -2.95427   -1.82359   -1.11518E-06    2.42508    4.89064    6.86114
    7.55281    6.20384    8.49589    10.7276    15.5627    19.3800    22.0028
    23.4008    23.2334    20.2190    18.6050    25.1963    28.4186    30.0504
    30.5612    30.0504    28.4186    25.1963    18.6050    20.2190    23.2334
    23.4008    22.0028    19.3800    15.5627    10.7276    8.49589    6.20384
    7.55281    6.86114    4.89064    2.42508   -1.11518E-06   -1.82359   -2.95427
   -4.02079   -6.42582   -9.76896   -12.4168   -14.1385   -14.5628   -12.8800
   -12.7944   -16.8555   -19.2836   -20.6163   -21.2097   -21.2963   -21.1138
   -20.8718   -20.7677   -17.3167   -17.0587   -16.3700   -15.6960   -15.8194
   -16.4516   -16.6166   -15.8226   -13.8415   -11.4993   -12.4531   -12.7197
   -11.5798   -9.45627   -6.61957   -3.78149   -2.66211   -1.65827   -1.02414E-06
    2.22746    4.45806    6.13390    6.44369    6.00627    8.56514    12.9668
    16.7378    19.5125    21.2029    21.4513    18.8878    18.4498    24.7589
    28.0205    29.9799    31.0694    31.4130    31.0694    29.9799    28.0205
    24.7589    18.4498    18.8878    21.4513    21.2029    19.5125    16.7378
    12.9668    8.56514    6.00627    6.44369    6.13390    4.45806    2.22746
   -1.02414E-06   -1.65827   -2.66211   -3.78149   -6.61957   -9.45627   -11.5798
   -12.7197   -12.4531   -11.4993   -13.8415   -15.8226   -16.6166   -16.4516
   -15.8194   -15.6960   -16.3700   -17.0587   -17.3167   -18.8879   -18.6846
   -18.0135   -16.7539   -14.6388   -11.5716   -11.4050   -12.7328   -12.4785
   -11.0804   -10.5961   -10.9916  -10.31577   -8.64897   -6.26190   -3.51833
   -2.26990   -1.43723   -9.08352E-07    1.98212    3.93521    5.28342    5.22217
    5.74497    9.30628    13.0938    16.0564    18.1010    18.9770    17.8260
    14.1569    21.4173    24.8850    27.0589    28.4578    29.2554    29.5162
    29.2554    28.4578    27.0589    24.8850    21.4173    14.1569    17.8260
    18.9770    18.1010    16.0564    13.0938    9.30628    5.74497    5.22217
    5.28342    3.93521    1.98212   -9.08352E-07   -1.43723   -2.26990   -3.51833
   -6.26190   -8.64897  -10.31577   -10.9916   -10.5961   -11.0804   -12.4785
   -12.7328   -11.4050   -11.5716   -14.6388   -16.7539   -18.0135   -18.6846
   -18.8879   -17.3050   -17.1943   -16.8156   -16.0827   -14.8237   -12.7019
   -8.52169   -7.34370   -9.89730   -9.75454   -9.08902   -9.18009   -8.80000
   -7.53740   -5.57322   -3.11748   -1.80941   -1.17791   -7.75221E-07    1.70128
    3.34707    4.34816    3.95204    5.42008    9.00750    12.0967    14.4113
    15.8286    15.9299    12.6108    16.3419    20.3013    22.6231    24.1820
    25.2111    25.8064    26.0000    25.8064    25.2111    24.1820    22.6231
    20.3013    16.3419    12.6108    15.9299    15.8286    14.4113    12.0967
    9.00750    5.42008    3.95204    4.34816    3.34707    1.70128   -7.75221E-07
   -1.17791   -1.80941   -3.11748   -5.57322   -7.53740   -8.80000   -9.18009
   -9.08902   -9.75454   -9.89730   -7.34370   -8.52169   -12.7019   -14.8237
   -16.0827   -16.8156   -17.1943   -17.3050   -14.2000   -14.1501   -13.9759
   -13.5814   -12.8591   -11.6400   -9.60379   -5.69134   -6.89899   -7.83549
   -7.52481   -7.38605   -7.15704   -6.23693   -4.67889   -2.59672   -1.33417
  -0.897637   -6.30861E-07    1.39636    2.71825    3.37333    2.71598    4.87416
    8.00016   10.45003    12.1945    13.0681    12.4447    9.11861    14.9657
    17.4773    19.0822    20.1905    20.9472    21.3957    21.5451    21.3957
    20.9472    20.1905    19.0822    17.4773    14.9657    9.11861    12.4447
    13.0681    12.1945   10.45003    8.00016    4.87416    2.71598    3.37333
    2.71825    1.39636   -6.30861E-07  -0.897637   -1.33417   -2.59672   -4.67889
   -6.23693   -7.15704   -7.38605   -7.52481   -7.83549   -6.89899   -5.69134
   -9.60379   -11.6400   -12.8591   -13.5814   -13.9759   -14.1501   -14.2000
  -10.47607  -10.47369  -10.43144  -10.27438   -9.91500   -9.24967   -8.15137
   -6.42702   -5.10905   -5.78492   -5.78415   -5.62629   -5.47574   -4.83789
   -3.66491   -2.00147  -0.921751  -0.615557   -4.82292E-07    1.07968    2.07572
    2.41043    1.65640    4.05301    6.55139    8.40804    9.65345   10.08734
    8.83211    8.97653    12.1737    13.7877    14.8484    15.6131    16.1642
    16.5112    16.6324    16.5112    16.1642    15.6131    14.8484    13.7877
    12.1737    8.97653    8.83211   10.08734    9.65345    8.40804    6.55139
    4.05301    1.65640    2.41043    2.07572    1.07968   -4.82292E-07  -0.615557
  -0.921751   -2.00147   -3.66491   -4.83789   -5.47574   -5.62629   -5.78415
   -5.78492   -5.10905   -6.42702   -8.15137   -9.24967   -9.91500  -10.27438
  -10.43144  -10.47369  -10.47607   -6.74223   -6.75267   -6.76980   -6.75250
   -6.63964   -6.36387   -5.84791   -5.02045   -4.05852   -3.91464   -3.98113
   -3.90282   -3.82146   -3.41708   -2.60164   -1.37994  -0.607186  -0.353478
   -3.35554E-07   0.762897    1.44583    1.52128   0.931244    3.01456    4.84638
    6.15781    6.97238    7.09174    5.38691    6.95824    8.78868    9.72760
   10.33887    10.8350    11.2609    11.5561    11.6624    11.5561    11.2609
    10.8350   10.33887    9.72760    8.78868    6.95824    5.38691    7.09174
    6.97238    6.15781    4.84638    3.01456   0.931244    1.52128    1.44583
   0.762897   -3.35554E-07  -0.353478  -0.607186   -1.37994   -2.60164   -3.41708
   -3.82146   -3.90282   -3.98113   -3.91464   -4.05852   -5.02045   -5.84791
   -6.36387   -6.63964   -6.75250   -6.76980   -6.75267   -6.74223   -3.49554
   -3.48050   -3.45440   -3.45862   -3.49523   -3.49853   -3.37762   -3.06678
   -2.58329   -2.26421   -2.26810   -2.26890   -2.25569   -2.04382   -1.55605
  -0.779769  -0.338927  -0.137269   -1.97199E-07   0.458876   0.854555   0.771229
   0.452560    1.86549    3.03884    3.84956    4.30960    4.25337    2.43298
    4.35409    5.30253    5.70655    5.92655    6.22786    6.60099    6.87798
    6.97544    6.87798    6.60099    6.22786    5.92655    5.70655    5.30253
    4.35409    2.43298    4.25337    4.30960    3.84956    3.03884    1.86549
   0.452560   0.771229   0.854555   0.458876   -1.97199E-07  -0.137269  -0.338927
  -0.779769   -1.55605   -2.04382   -2.25569   -2.26890   -2.26810   -2.26421
   -2.58329   -3.06678   -3.37762   -3.49853   -3.49523   -3.45862   -3.45440
   -3.48050   -3.49554   -1.09206   -1.05057  -0.943291  -0.866274  -0.959045
   -1.11850   -1.19483   -1.14730  -0.980781  -0.806100  -0.794962  -0.835342
  -0.868072  -0.805920  -0.606316  -0.258510   -9.47416E-02  0.   -7.55083E-08
   0.184510   0.334168   0.217681    7.36283E-02   0.744039    1.28903    1.64919
    1.82970    1.73361   0.393247    1.78128    2.13832    2.17538    2.05322
    2.24187    2.59126    2.80529    2.87440    2.80529    2.59126    2.24187
    2.05322    2.17538    2.13832    1.78128   0.393247    1.73361    1.82970
    1.64919    1.28903   0.744039    7.36283E-02   0.217681   0.334168   0.184510
   -7.55083E-08  0.   -9.47416E-02  -0.258510  -0.606316  -0.805920  -0.868072
  -0.835342  -0.794962  -0.806100  -0.980781   -1.14730   -1.19483   -1.11850
  -0.959045  -0.866274  -0.943291   -1.05057   -1.09206
    2.05269E-06   -2.04641   -4.07726   -6.07707   -8.03063   -9.92308   -11.7400
   -13.4676   -15.0926   -16.6029   -17.9867   -19.2337   -20.3343   -21.2801
   -22.0640   -22.6799   -23.1233   -23.3906   -23.4800   -23.3907   -23.1233
   -22.6799   -22.0640   -21.2801   -20.3343   -19.2337   -17.9867   -16.6029
   -15.0927   -13.4676   -11.7400   -9.92308   -8.03063   -6.07707   -4.07726
   -2.04642  0.    2.04642    4.07726    6.07707    8.03063    9.92308    11.7400
    13.4676    15.0927    16.6029    17.9867    19.2337    20.3343    21.2801
    22.0640    22.6799    23.1233    23.3907    23.4800    23.3906    23.1233
    22.6799    22.0640    21.2801    20.3343    19.2337    17.9867    16.6029
    15.0926    13.4676    11.7400    9.92308    8.03063    6.07707    4.07726
    2.04641   -2.05269E-06    2.82346E-06   -2.81310   -5.59615   -8.32030
   -10.9541   -13.4639   -15.8245   -18.0046   -19.9723   -21.7031   -23.1610
   -24.3260   -25.1658   -25.6773   -25.8181   -25.5862   -24.9778   -23.9666
   -22.5738   -20.7909   -18.6696   -16.2909   -13.8826   -11.8726   -10.7410
  -10.39629  -10.29462  -10.04497   -9.52828   -8.75947   -7.78526   -6.65196
   -5.41061   -4.10214   -2.75223   -1.38050  0.    1.38050    2.75223    4.10214
    5.41061    6.65196    7.78526    8.75947    9.52828   10.04497   10.29462
   10.39629    10.7410    11.8726    13.8826    16.2909    18.6696    20.7909
    22.5738    23.9666    24.9778    25.5862    25.8181    25.6773    25.1658
    24.3260    23.1610    21.7031    19.9723    18.0046    15.8245    13.4639
    10.9541    8.32030    5.59615    2.81310   -2.82346E-06    2.84629E-06
   -2.83845   -5.66215   -8.45715   -11.1994   -13.8635   -16.4266   -18.8438
   -21.0733   -23.0705   -24.7823   -26.1454   -27.1042   -27.5973   -27.5404
   -26.8443   -25.4003   -23.0157   -19.3909   -14.5001   -12.7341   -15.7527
   -17.7217   -18.3060   -17.8591   -16.6182   -14.6883   -12.1167   -8.86864
   -4.98774   -4.17066   -5.68526   -5.77653   -4.93206   -3.54162   -1.84281
  0.    1.84281    3.54162    4.93206    5.77653    5.68526    4.17066    4.98774
    8.86864    12.1167    14.6883    16.6182    17.8591    18.3060    17.7217
    15.7527    12.7341    14.5001    19.3909    23.0157    25.4003    26.8443
    27.5404    27.5973    27.1042    26.1454    24.7823    23.0705    21.0733
    18.8438    16.4266    13.8635    11.1994    8.45715    5.66215    2.83845
   -2.84629E-06    2.21159E-06   -2.21577   -4.47507   -6.81250   -9.24364
   -11.7648   -14.3440   -16.9312   -19.4523   -21.8291   -23.9667   -25.7628
   -27.1115   -27.8736   -27.9110   -27.0107   -24.8086   -20.5248   -13.6292
   -17.6669   -21.9359   -23.5866   -23.5904   -22.2796   -19.6247   -15.0336
   -5.40158   -12.4445   -15.3172   -15.6791   -14.8270   -13.2181   -11.0904
   -8.60250   -5.86388   -2.97008  0.    2.97008    5.86388    8.60250    11.0904
    13.2181    14.8270    15.6791    15.3172    12.4445    5.40158    15.0336
    19.6247    22.2796    23.5904    23.5866    21.9359    17.6669    13.6292
    20.5248    24.8086    27.0107    27.9110    27.8736    27.1115    25.7628
    23.9667    21.8291    19.4523    16.9312    14.3440    11.7648    9.24364
    6.81250    4.47507    2.21577   -2.21159E-06    1.58879E-06   -1.57329
   -3.06281   -4.35103   -5.24836   -5.58367   -6.38991   -9.55621   -13.3972
   -17.0368   -20.2925   -23.0694   -25.2440   -26.6652   -27.1264   -26.2862
   -23.4315   -16.8127   -18.8972   -24.6199   -26.9759   -27.3482   -26.1198
   -23.1649   -17.2606   -9.65268   -18.5000   -20.4987   -20.4401   -19.2903
   -17.4360   -15.0910   -12.4090   -9.48764   -6.40629   -3.22684  0.    3.22684
    6.40629    9.48764    12.4090    15.0910    17.4360    19.2903    20.4401
    20.4987    18.5000    9.65268    17.2606    23.1649    26.1198    27.3482
    26.9759    24.6199    18.8972    16.8127    23.4315    26.2862    27.1264
    26.6652    25.2440    23.0694    20.2925    17.0368    13.3972    9.55621
    6.38991    5.58367    5.24836    4.35103    3.06281    1.57329   -1.58879E-06
    1.69873E-06   -1.71408   -3.53158   -5.50300   -7.59130   -9.68280   -11.5826
   -13.0115   -13.4747   -11.7533   -5.72080   -15.5534   -20.6660   -23.7136
   -25.1578   -24.7658   -21.5459   -16.8383   -24.0806   -28.1060   -29.5520
   -29.1429   -26.9377   -22.2351   -9.63055   -19.5920   -22.4458   -22.6350
   -21.5548   -19.7122   -17.3875   -14.7540   -11.9372   -9.01217   -6.03075
   -3.02136  0.    3.02136    6.03075    9.01217    11.9372    14.7540    17.3875
    19.7122    21.5548    22.6350    22.4458    19.5920    9.63055    22.2351
    26.9377    29.1429    29.5520    28.1060    24.0806    16.8383    21.5459
    24.7658    25.1578    23.7136    20.6660    15.5534    5.72080    11.7533
    13.4747    13.0115    11.5826    9.68280    7.59130    5.50300    3.53158
    1.71408   -1.69873E-06    1.83295E-06   -1.78810   -3.30694   -4.17804
   -4.59996   -7.38218   -10.7430   -13.7396   -16.1880   -17.8384   -18.2173
   -16.1177   -6.51750   -17.6207   -21.7610   -22.5190   -19.7268   -20.0844
   -26.5177   -29.7124   -30.6180   -29.6378   -26.5949   -19.9204   -15.7725
   -21.9136   -22.8148   -21.8984   -20.0067   -17.5744   -14.8826   -12.1475
   -9.49611   -6.98656   -4.59873   -2.28475  0.    2.28475    4.59873    6.98656
    9.49611    12.1475    14.8826    17.5744    20.0067    21.8984    22.8148
    21.9136    15.7725    19.9204    26.5949    29.6378    30.6180    29.7124
    26.5177    20.0844    19.7268    22.5190    21.7610    17.6207    6.51750
    16.1177    18.2173    17.8384    16.1880    13.7396    10.7430    7.38218
    4.59996    4.17804    3.30694    1.78810   -1.83295E-06    2.33887E-06
   -2.31958   -4.53902   -6.52361   -8.03517   -8.53355   -6.24194  -10.11109
   -14.7905   -18.0082   -20.0990   -20.8282   -19.4235   -13.6157   -16.4188
   -19.7177   -18.5704   -21.7555   -27.2860   -30.0138   -30.5500   -29.1097
   -25.3402   -16.6892   -18.3240   -21.1368   -20.4065   -17.9503   -14.3324
   -10.7125   -9.73153   -8.81050   -7.04619   -4.86568   -2.67277  -0.877430
  0.   0.877430    2.67135    4.86568    7.04619    8.81050    9.73153    10.7125
    14.3324    17.9503    20.4065    21.1368    18.3240    16.6892    25.3402
    29.1097    30.5500    30.0138    27.2860    21.7555    18.5704    19.7177
    16.4188    13.6157    19.4235    20.8282    20.0990    18.0082    14.7905
   10.11109    6.24194    8.53355    8.03517    6.52361    4.53902    2.31958
   -2.33887E-06    2.26023E-06   -2.25332   -4.48684   -6.64789   -8.62774
  -10.21090   -10.9583   -9.61374  -10.54729   -15.9848   -19.3711   -21.3352
   -21.7069   -19.7451   -14.6777   -16.8781   -17.8115   -21.8713   -26.8575
   -29.2889   -29.5350   -27.7182   -23.3446   -14.0660   -17.4942   -17.5074
   -14.2892   -15.4215   -16.5891   -15.7871   -13.8194   -11.1174   -7.90200
   -4.31429   -3.34019   -1.99761  0.    1.99761    3.34019    4.31429    7.90200
    11.1174    13.8194    15.7871    16.5891    15.4215    14.2892    17.5074
    17.4942    14.0660    23.3446    27.7182    29.5350    29.2889    26.8575
    21.8713    17.8115    16.8781    14.6777    19.7451    21.7069    21.3352
    19.3711    15.9848   10.54729    9.61374    10.9583   10.21090    8.62774
    6.64789    4.48684    2.25332   -2.26023E-06    1.81557E-06   -1.82605
   -3.72293   -5.70633   -7.71968   -9.61356   -11.1334   -11.8024   -10.7357
   -12.8800   -17.3553   -20.1919   -21.5065   -20.9496   -17.6548   -15.0058
   -16.7545   -20.8437   -25.5124   -27.7188   -27.7362   -25.6061   -20.7512
   -13.3042   -14.7153   -15.3206   -18.5470   -19.3800   -18.4626   -16.3854
   -13.4138   -9.42828   -6.77165   -6.75134   -5.01097   -2.62907  0.    2.62907
    5.01097    6.75134    6.77165    9.42828    13.4138    16.3854    18.4626
    19.3800    18.5470    15.3206    14.7153    13.3042    20.7512    25.6061
    27.7362    27.7188    25.5124    20.8437    16.7545    15.0058    17.6548
    20.9496    21.5065    20.1919    17.3553    12.8800    10.7357    11.8024
    11.1334    9.61356    7.71968    5.70633    3.72293    1.82605   -1.81557E-06
    1.51387E-06   -1.49244   -2.88647   -4.20572   -5.75777   -7.67150   -9.59360
   -11.0791   -11.6144   -11.4993   -14.8411   -18.1657   -20.0568   -20.2790
   -18.1871   -14.1127   -15.0976   -18.9541   -23.4296   -25.4600   -25.2829
   -22.8920   -17.7039   -12.8805   -14.8353   -18.5184   -19.9473   -19.5125
   -17.7914   -15.0203   -10.9049   -8.60328   -9.01150   -7.50808   -5.28627
   -2.71822  0.    2.71822    5.28627    7.50808    9.01150    8.60328    10.9049
    15.0203    17.7914    19.5125    19.9473    18.5184    14.8353    12.8805
    17.7039    22.8920    25.2829    25.4600    23.4296    18.9541    15.0976
    14.1127    18.1871    20.2790    20.0568    18.1657    14.8411    11.4993
    11.6144    11.0791    9.59360    7.67150    5.75777    4.20572    2.88647
    1.49244   -1.51387E-06    1.65123E-06   -1.63469   -3.17626   -4.48920
   -5.32810   -5.39591   -6.58466   -8.91563  -10.47073   -11.0804   -12.6279
   -15.6976   -17.8674   -18.5478   -17.2044   -13.1306   -12.8732   -16.4276
   -20.7807   -22.6558   -22.3177   -19.7180   -14.3478   -12.3201   -16.1189
   -18.6999   -19.1352   -18.1010   -15.9236   -12.4819   -8.17346   -9.98704
   -9.05739   -7.25042   -5.01787   -2.55951  0.    2.55951    5.01787    7.25042
    9.05739    9.98704    8.17346    12.4819    15.9236    18.1010    19.1352
    18.6999    16.1189    12.3201    14.3478    19.7180    22.3177    22.6558
    20.7807    16.4276    12.8732    13.1306    17.2044    18.5478    17.8674
    15.6976    12.6279    11.0804   10.47073    8.91563    6.58466    5.39591
    5.32810    4.48920    3.17626    1.63469   -1.65123E-06    1.51285E-06
   -1.50431   -2.96504   -4.30933   -5.39536   -5.92300   -4.92000   -5.14211
   -8.30481   -9.75454   -10.8319   -13.1105   -15.2420   -16.1640   -15.3123
   -11.6346  -10.26170   -13.4636   -17.7350   -19.4457   -18.9822   -16.2276
   -10.8581   -11.6234   -15.6014   -17.2759   -17.1747   -15.8286   -13.3668
   -8.83021   -9.43500   -9.46665   -8.23413   -6.47953   -4.44539   -2.25777
  0.    2.25777    4.44539    6.47953    8.23413    9.46665    9.43500    8.83021
    13.3668    15.8286    17.1747    17.2759    15.6014    11.6234    10.8581
    16.2276    18.9822    19.4457    17.7350    13.4636   10.26170    11.6346
    15.3123    16.1640    15.2420    13.1105    10.8319    9.75454    8.30481
    5.14211    4.92000    5.92300    5.39536    4.30933    2.96504    1.50431
   -1.51285E-06    1.24140E-06   -1.23798   -2.46433   -3.63913   -4.68033
   -5.42784   -5.54475   -3.98512   -5.78894   -7.83549   -8.96772  -10.54837
   -12.3964   -13.3751   -12.8551   -9.69109   -7.56647  -10.26002   -14.4324
   -15.9605   -15.4160   -12.5894   -7.46210  -10.45268   -13.8567   -14.9242
   -14.5329   -13.0681  -10.44237   -6.38492   -8.64043   -8.14980   -6.94534
   -5.41002   -3.69356   -1.87188  0.    1.87188    3.69356    5.41002    6.94534
    8.14980    8.64043    6.38492   10.44237    13.0681    14.5329    14.9242
    13.8567   10.45268    7.46210    12.5894    15.4160    15.9605    14.4324
   10.26002    7.56647    9.69109    12.8551    13.3751    12.3964   10.54837
    8.96772    7.83549    5.78894    3.98512    5.54475    5.42784    4.68033
    3.63913    2.46433    1.23798   -1.24140E-06    9.15847E-07  -0.916328
   -1.83935   -2.75301   -3.60876   -4.31319   -4.70619   -4.50025   -4.28700
   -5.78492   -6.89329   -8.03517   -9.48426  -10.37488  -10.06926   -7.46957
   -5.22751   -7.03584   -11.0336   -12.3408   -11.7720   -8.99587   -4.55094
   -8.69171   -11.3473   -12.0079   -11.5045  -10.08734   -7.41102   -6.28544
   -7.02851   -6.42931   -5.40437   -4.18352   -2.85018   -1.44454  0.    1.44454
    2.85018    4.18352    5.40437    6.42931    7.02851    6.28544    7.41102
   10.08734    11.5045    12.0079    11.3473    8.69171    4.55094    8.99587
    11.7720    12.3408    11.0336    7.03584    5.22751    7.46957   10.06926
   10.37488    9.48426    8.03517    6.89329    5.78492    4.28700    4.50025
    4.70619    4.31319    3.60876    2.75301    1.83935   0.916328   -9.15847E-07
    5.89425E-07  -0.590782   -1.19370   -1.80933   -2.41663   -2.96752   -3.37629
   -3.51535   -3.40550   -3.91464   -4.74452   -5.57380   -6.61897   -7.32796
   -7.14795   -5.15000   -3.44352   -4.04026   -7.67657   -8.71995   -8.19971
   -5.67750   -2.55857   -6.46474   -8.39419   -8.79426   -8.30936   -7.09174
   -4.52015   -4.87221   -5.07415   -4.53606   -3.76304   -2.90323   -1.98560
   -1.01103  0.    1.01103    1.98560    2.90323    3.76304    4.53606    5.07415
    4.87221    4.52015    7.09174    8.30936    8.79426    8.39419    6.46474
    2.55857    5.67750    8.19971    8.71995    7.67657    4.04026    3.44352
    5.15000    7.14795    7.32796    6.61897    5.57380    4.74452    3.91464
    3.40550    3.51535    3.37629    2.96752    2.41663    1.80933    1.19370
   0.590782   -5.89425E-07    3.05589E-07  -0.304504  -0.609105  -0.926733
   -1.27216   -1.63139   -1.95007   -2.14739   -2.16764   -2.26421   -2.70301
   -3.24032   -3.90697   -4.38299   -4.27521   -2.91014   -1.92215   -1.56899
   -4.51138   -5.24498   -4.84642   -2.87827   -1.24340   -4.00057   -5.26343
   -5.49774   -5.13599   -4.25337   -2.04151   -3.04877   -3.06142   -2.66101
   -2.15709   -1.66875   -1.16393  -0.601745  0.   0.601745    1.16393    1.66875
    2.15709    2.66101    3.06142    3.04877    2.04151    4.25337    5.13599
    5.49774    5.26343    4.00057    1.24340    2.87827    4.84642    5.24498
    4.51138    1.56899    1.92215    2.91014    4.27521    4.38299    3.90697
    3.24032    2.70301    2.26421    2.16764    2.14739    1.95007    1.63139
    1.27216   0.926733   0.609105   0.304504   -3.05589E-07    9.54711E-08
   -9.19131E-02  -0.166328  -0.232117  -0.349064  -0.521564  -0.689838  -0.803348
  -0.822973  -0.806100  -0.947398   -1.19299   -1.50354   -1.72830   -1.66584
  -0.964772  -0.537306  0.   -1.72743   -2.10896   -1.89516  -0.812395  -0.202292
   -1.59560   -2.23267   -2.35528   -2.18055   -1.73361  -0.329974   -1.24726
   -1.23456   -1.01440  -0.747313  -0.600708  -0.456909  -0.245431  0.   0.245431
   0.456909   0.600708   0.747313    1.01440    1.23456    1.24726   0.329974
    1.73361    2.18055    2.35528    2.23267    1.59560   0.202292   0.812395
    1.89516    2.10896    1.72743  0.   0.537306   0.964772    1.66584    1.72830
    1.50354    1.19299   0.947398   0.806100   0.822973   0.803348   0.689838
   0.521564   0.349064   0.232117   0.166328    9.19131E-02   -9.54711E-08
  0.  0.  0.  0.  0.  0.  0.  0.  0.  0.  0.  0.  0.  0.  0.  0.  0.  0.  0.  0.
  0.  0.  0.  0.  0.  0.  0.  0.  0.  0.  0.  0.  0.  0.  0.  0.  0.  0.  0.  0.
  0.  0.  0.  0.  0.  0.  0.  0.  0.  0.  0.  0.  0.  0.  0.  0.  0.  0.  0.  0.
  0.  0.  0.  0.  0.  0.  0.  0.  0.  0.  0.  0.  0.    2.82559    2.82385
    2.81949    2.81252    2.80206    2.78724    2.76894    2.74628    2.71839
    2.68527    2.64518    2.59811    2.54233    2.47871    2.40376    2.31747
    2.21899    2.10481    1.97495    1.82591    1.65857    1.47555    1.29252
    1.14610    1.08509    1.11036    1.17573    1.24284    1.29688    1.33610
    1.36224    1.37706    1.38403    1.38665    1.38665    1.38578    1.38490
    1.38578    1.38665    1.38665    1.38403    1.37706    1.36224    1.33610
    1.29688    1.24284    1.17573    1.11036    1.08509    1.14610    1.29252
    1.47555    1.65857    1.82591    1.97495    2.10481    2.21899    2.31747
    2.40376    2.47871    2.54233    2.59811    2.64518    2.68527    2.71839
    2.74628    2.76894    2.78724    2.80206    2.81252    2.81949    2.82385
    2.82559    5.74081    5.74255    5.74949    5.76165    5.77380    5.78422
    5.79290    5.79290    5.78075    5.75296    5.70434    5.62794    5.51854
    5.36920    5.16777    4.90035    4.54785    4.07379    3.41913    2.56652
    2.28000    2.87561    3.32536    3.56152    3.63619    3.57715    3.38093
    3.02148    2.43281    1.53331    1.47080    2.37203    2.97807    3.36009
    3.59625    3.72823    3.76990    3.72823    3.59625    3.36009    2.97807
    2.37203    1.47080    1.53331    2.43281    3.02148    3.38093    3.57715
    3.63619    3.56152    3.32536    2.87561    2.28000    2.56652    3.41913
    4.07379    4.54785    4.90035    5.16777    5.36920    5.51854    5.62794
    5.70434    5.75296    5.78075    5.79290    5.79290    5.78422    5.77380
    5.76165    5.74949    5.74255    5.74081    6.77847    6.81212    6.90529
    7.05282    7.24176    7.45916    7.68693    7.90951    8.10880    8.27186
    8.38315    8.42715    8.38832    8.24080    7.95869    7.49281    6.75000
    5.52061    3.65194    4.75192    5.96837    6.54295    6.72671    6.58695
    6.07189    4.91756    1.88938    4.71568    6.38507    7.32458    7.94574
    8.38056    8.68855    8.90596    9.04831    9.13114    9.15702    9.13114
    9.04831    8.90596    8.68855    8.38056    7.94574    7.32458    6.38507
    4.71568    1.88938    4.91756    6.07189    6.58695    6.72671    6.54295
    5.96837    4.75192    3.65194    5.52061    6.75000    7.49281    7.95869
    8.24080    8.38832    8.42715    8.38315    8.27186    8.10880    7.90951
    7.68693    7.45916    7.24176    7.05282    6.90529    6.81212    6.77847
    6.61467    6.57021    6.41972    6.11874    5.58519    4.80880    4.65147
    6.06402    7.58601    8.76940    9.64155   10.25034    10.6095    10.7087
   10.50686    9.90490    8.65995    6.14268    6.87803    8.99513    9.96989
   10.30507   10.11696    9.30295    7.25425    4.28893    8.78992   10.55132
    11.5740    12.2409    12.6924    12.9968    13.2054    13.3422    13.4277
    13.4756    13.4893    13.4756    13.4277    13.3422    13.2054    12.9968
    12.6924    12.2409    11.5740   10.55132    8.78992    4.28893    7.25425
    9.30295   10.11696   10.30507    9.96989    8.99513    6.87803    6.14268
    8.65995    9.90490   10.50686    10.7087    10.6095   10.25034    9.64155
    8.76940    7.58601    6.06402    4.65147    4.80880    5.58519    6.11874
    6.41972    6.57021    6.61467    9.06094    9.17082    9.48355    9.91462
   10.34992    10.6838    10.8021    10.5781    9.77516    7.75082    3.48237
    8.85385    11.1275    12.2010    12.4841    11.9559   10.20200    7.88183
    11.2290    13.1561    13.9929    14.0690    13.3674    11.4403    5.18553
    11.1529    13.6632    14.9269    15.6369    16.0257    16.2159    16.2793
    16.2750    16.2370    16.1947    16.1651    16.1525    16.1651    16.1947
    16.2370    16.2750    16.2793    16.2159    16.0257    15.6369    14.9269
    13.6632    11.1529    5.18553    11.4403    13.3674    14.0690    13.9929
    13.1561    11.2290    7.88183   10.20200    11.9559    12.4841    12.2010
    11.1275    8.85385    3.48237    7.75082    9.77516    10.5781    10.8021
    10.6838   10.34992    9.91462    9.48355    9.17082    9.06094    12.1050
    11.8450    10.9950    9.32000    7.76500   10.08500    12.4050    13.8300
    14.5400    14.5650    13.7300    11.3600    4.34500    11.2250    13.3700
    13.4600    11.5650    11.6400    15.3100    17.2200    17.9500    17.7150
    16.3400    12.6900   10.51500    15.4450    17.1950    17.8800    17.9700
    17.6900    17.1850    16.5950    16.0300    15.5850    15.2900    15.1350
    15.0900    15.1350    15.2900    15.5850    16.0300    16.5950    17.1850
    17.6900    17.9700    17.8800    17.1950    15.4450   10.51500    12.6900
    16.3400    17.7150    17.9500    17.2200    15.3100    11.6400    11.5650
    13.4600    13.3700    11.2250    4.34500    11.3600    13.7300    14.5650
    14.5400    13.8300    12.4050   10.08500    7.76500    9.32000    10.9950
    11.8450    12.1050    18.7330    18.6355    18.3028    17.6489    16.4502
    14.1387    8.74131    12.3434    16.1118    17.8325    18.3717    17.8038
    15.7045   10.51939    12.2344    14.2935    13.2037    15.2915    19.1058
    21.0961    21.7213    21.1019    18.8821    12.8940    14.8155    18.0677
    18.6527    17.7751    15.6128    13.0775    13.6282    14.5975    14.4254
    13.1636    10.7775    7.04926    3.41852    7.04926    10.7718    13.1636
    14.4254    14.5975    13.6282    13.0775    15.6128    17.7751    18.6527
    18.0677    14.8155    12.8940    18.8821    21.1019    21.7213    21.0961
    19.1058    15.2915    13.2037    14.2935    12.2344   10.51939    15.7045
    17.8038    18.3717    17.8325    16.1118    12.3434    8.74131    14.1387
    16.4502    17.6489    18.3028    18.6355    18.7330    21.6941    21.6941
    21.6812    21.5527    21.1670    20.2735    18.3902    14.0642    13.7685
    18.9687    21.2184    21.8548    21.0320    18.2809    13.1064    14.6620
    15.1762    18.4223    22.5361    24.6702    25.1651    24.0788    20.8456
    13.0229    16.9503    17.9338    15.6519    18.3002    21.6555    23.0954
    23.1918    22.0733    19.3865    13.9871    16.1404    19.2322    20.0550
    19.2322    16.1404    13.9871    19.3865    22.0733    23.1918    23.0954
    21.6555    18.3002    15.6519    17.9338    16.9503    13.0229    20.8456
    24.0788    25.1651    24.6702    22.5361    18.4223    15.1762    14.6620
    13.1064    18.2809    21.0320    21.8548    21.2184    18.9687    13.7685
    14.0642    18.3902    20.2735    21.1670    21.5527    21.6812    21.6941
    21.6941    20.7677    20.9516    21.4395    22.0476    22.5708    22.7476
    22.2668    20.5768    16.7019    18.2151    22.6557    24.6497    24.8336
    23.1153    18.7878    15.5351    17.0130    20.9233    25.5124    27.8246
    28.1641    26.5094    22.0829    14.6795    16.9918    18.7030    24.2113
    27.4075    28.7227    28.5671    26.8276    22.3092    19.7990    26.0852
    28.8570    30.1652    30.5612    30.1652    28.8570    26.0852    19.7990
    22.3092    26.8276    28.5671    28.7227    27.4075    24.2113    18.7030
    16.9918    14.6795    22.0829    26.5094    28.1641    27.8246    25.5124
    20.9233    17.0130    15.5351    18.7878    23.1153    24.8336    24.6497
    22.6557    18.2151    16.7019    20.5768    22.2668    22.7476    22.5708
    22.0476    21.4395    20.9516    20.7677    20.6372    20.4074    19.8099
    19.3656    20.0627    21.6331    22.8664    23.0196    21.5335    19.3809
    23.0886    26.4285    27.6006    26.6660    23.0656    17.4122    18.2702
    22.6749    27.9223    30.4579    30.5958    28.2441    22.4528    16.9372
    20.4151    26.9418    31.0325    32.8863    32.9859    31.2087    25.9919
    24.2606    31.4002    34.5716    36.2799    37.1685    37.4366    37.1685
    36.2799    34.5716    31.4002    24.2606    25.9919    31.2087    32.9859
    32.8863    31.0325    26.9418    20.4151    16.9372    22.4528    28.2441
    30.5958    30.4579    27.9223    22.6749    18.2702    17.4122    23.0656
    26.6660    27.6006    26.4285    23.0886    19.3809    21.5335    23.0196
    22.8664    21.6331    20.0627    19.3656    19.8099    20.4074    20.6372
    26.9747    26.7863    26.1228    24.7712    22.2482    18.2343    18.8077
    22.1990    23.2639    22.3792    23.5424    27.3679    29.4649    29.2273
    26.1473    19.4139    18.6685    23.5506    29.6779    32.4794    32.3647
    29.1536    21.8058    19.4139    26.5815    32.6023    35.6741    36.5588
    35.3792    31.0786    23.3458    33.7491    37.8202    40.0074    41.2689
    41.9406    42.1536    41.9406    41.2689    40.0074    37.8202    33.7491
    23.3458    31.0786    35.3792    36.5588    35.6741    32.6023    26.5815
    19.4139    21.8058    29.1536    32.3647    32.4794    29.6779    23.5506
    18.6685    19.4139    26.1473    29.2273    29.4649    27.3679    23.5424
    22.3792    23.2639    22.1990    18.8077    18.2343    22.2482    24.7712
    26.1228    26.7863    26.9747    29.9731    29.8952    29.5748    28.8386
    27.3231    24.2747    17.0434    15.5278    22.3781    23.8936    24.4912
    27.7215    30.4841    30.8911    28.2238    20.8626    18.0480    23.4087
    30.7179    33.8096    33.3853    29.0985    20.0138    22.2136    31.2029
    36.5290    38.8326    38.7720    36.0180    26.6649    32.6838    38.7979
    41.6991    43.3619    44.3405    44.8688    45.0333    44.8688    44.3405
    43.3619    41.6991    38.7979    32.6838    26.6649    36.0180    38.7720
    38.8326    36.5290    31.2029    22.2136    20.0138    29.0985    33.3853
    33.8096    30.7179    23.4087    18.0480    20.8626    28.2238    30.8911
    30.4841    27.7215    24.4912    23.8936    22.3781    15.5278    17.0434
    24.2747    27.3231    28.8386    29.5748    29.8952    29.9731    30.4519
    30.4610    30.4338    30.1529    29.3462    27.5427    23.7815    14.8997
    19.3134    23.7634    25.1047    27.6152    30.6966    31.6483    29.3372
    21.5157    16.4767    22.0867    30.9504    34.3581    33.5696    27.9505
    17.0295    24.7331    34.3128    39.0709    40.6842    39.6328    34.8385
    23.8721    37.0589    41.3548    43.5481    44.8260    45.6145    46.0586
    46.2036    46.0586    45.6145    44.8260    43.5481    41.3548    37.0589
    23.8721    34.8385    39.6328    40.6842    39.0709    34.3128    24.7331
    17.0295    27.9505    33.5696    34.3581    30.9504    22.0867    16.4767
    21.5157    29.3372    31.6483    30.6966    27.6152    25.1047    23.7634
    19.3134    14.8997    23.7815    27.5427    29.3462    30.1529    30.4338
    30.4610    30.4519    28.7828    28.8862    29.1023    29.2244    28.9895
    28.0404    25.8603    21.5566    18.3240    22.4774    24.7233    26.9504
    30.0890    31.4515    29.4406    21.2465    14.5840    19.4047    30.3145
    34.0357    32.8423    25.5878    13.3060    26.3490    35.9996    40.2752
    41.2619    39.1946    31.6770    30.1078    38.6214    41.7975    43.4138
    44.4099    45.0959    45.5375    45.6973    45.5375    45.0959    44.4099
    43.4138    41.7975    38.6214    30.1078    31.6770    39.1946    41.2619
    40.2752    35.9996    26.3490    13.3060    25.5878    32.8423    34.0357
    30.3145    19.4047    14.5840    21.2465    29.4406    31.4515    30.0890
    26.9504    24.7233    22.4774    18.3240    21.5566    25.8603    28.0404
    28.9895    29.2244    29.1023    28.8862    28.7828    25.1624    25.2976
    25.6550    26.0897    26.3698    26.2056    25.2010    22.8731    19.7725
    20.6612    23.1146    25.3942    28.5238    30.1755    28.3886    19.8981
    13.0497    15.1361    28.6494    32.6676    31.0738    21.9362   10.16154
    26.6209    36.1739    40.0666    40.4820    37.4296    26.2442    31.7017
    37.8740    40.0569    41.0615    41.8632    42.6746    43.2928    43.5246
    43.2928    42.6746    41.8632    41.0615    40.0569    37.8740    31.7017
    26.2442    37.4296    40.4820    40.0666    36.1739    26.6209   10.16154
    21.9362    31.0738    32.6676    28.6494    15.1361    13.0497    19.8981
    28.3886    30.1755    28.5238    25.3942    23.1146    20.6612    19.7725
    22.8731    25.2010    26.2056    26.3698    26.0897    25.6550    25.2976
    25.1624    19.8242    19.8143    19.8931    20.3067    21.0946    21.8923
    22.1188    21.2325    19.1250    18.1599    20.0113    22.4339    25.5853
    27.4269    25.8020    17.0864    11.0692    8.93221    25.5853    29.8594
    27.9095    16.8993    7.50424    25.0338    34.4683    38.0628    38.0234
    34.1137    18.0121    30.1450    34.7243    35.7091    35.7682    36.5659
    38.0136    39.1560    39.5597    39.1560    38.0136    36.5659    35.7682
    35.7091    34.7243    30.1450    18.0121    34.1137    38.0234    38.0628
    34.4683    25.0338    7.50424    16.8993    27.9095    29.8594    25.5853
    8.93221    11.0692    17.0864    25.8020    27.4269    25.5853    22.4339
    20.0113    18.1599    19.1250    21.2325    22.1188    21.8923    21.0946
    20.3067    19.8931    19.8143    19.8242    12.4823    12.0540    10.9482
   10.25084    11.6654    14.1061    15.7698    16.0088    14.6341    13.0302
    14.1360    16.6464    19.8442    21.7967    20.2626    11.4164    6.23618
  0.    19.7446    24.1976    21.9960    9.61328    2.46060    20.1231    29.4674
    32.8645    32.5357    28.0230    5.86759    24.8551    28.2222    27.4352
    24.9746    26.5287    30.0751    32.1871    32.8545    32.1871    30.0751
    26.5287    24.9746    27.4352    28.2222    24.8551    5.86759    28.0230
    32.5357    32.8645    29.4674    20.1231    2.46060    9.61328    21.9960
    24.1976    19.7446  0.    6.23618    11.4164    20.2626    21.7967    19.8442
    16.6464    14.1360    13.0302    14.6341    16.0088    15.7698    14.1061
    11.6654   10.25084    10.9482    12.0540    12.4823
    23.4800    23.4800    23.4800    23.4800    23.4800    23.4800    23.4800
    23.4800    23.4800    23.4800    23.4800    23.4800    23.4800    23.4800
    23.4800    23.4800    23.4800    23.4800    23.4800    23.4800    23.4800
    23.4800    23.4800    23.4800    23.4800    23.4800    23.4800    23.4800
    23.4800    23.4800    23.4800    23.4800    23.4800    23.4800    23.4800
    23.4800    23.4800    23.4800    23.4800    23.4800    23.4800    23.4800
    23.4800    23.4800    23.4800    23.4800    23.4800    23.4800    23.4800
    23.4800    23.4800    23.4800    23.4800    23.4800    23.4800    23.4800
    23.4800    23.4800    23.4800    23.4800    23.4800    23.4800    23.4800
    23.4800    23.4800    23.4800    23.4800    23.4800    23.4800    23.4800
    23.4800    23.4800    23.4800    32.4200    32.4000    32.3500    32.2700
    32.1500    31.9800    31.7700    31.5100    31.1900    30.8100    30.3500
    29.8100    29.1700    28.4400    27.5800    26.5900    25.4600    24.1500
    22.6600    20.9500    19.0300    16.9300    14.8300    13.1500    12.4500
    12.7400    13.4900    14.2600    14.8800    15.3300    15.6300    15.8000
    15.8800    15.9100    15.9100    15.9000    15.8900    15.9000    15.9100
    15.9100    15.8800    15.8000    15.6300    15.3300    14.8800    14.2600
    13.4900    12.7400    12.4500    13.1500    14.8300    16.9300    19.0300
    20.9500    22.6600    24.1500    25.4600    26.5900    27.5800    28.4400
    29.1700    29.8100    30.3500    30.8100    31.1900    31.5100    31.7700
    31.9800    32.1500    32.2700    32.3500    32.4000    32.4200    33.0600
    33.0700    33.1100    33.1800    33.2500    33.3100    33.3600    33.3600
    33.2900    33.1300    32.8500    32.4100    31.7800    30.9200    29.7600
    28.2200    26.1900    23.4600    19.6900    14.7800    13.1300    16.5600
    19.1500    20.5100    20.9400    20.6000    19.4700    17.4000    14.0100
    8.83000    8.47000    13.6600    17.1500    19.3500    20.7100    21.4700
    21.7100    21.4700    20.7100    19.3500    17.1500    13.6600    8.47000
    8.83000    14.0100    17.4000    19.4700    20.6000    20.9400    20.5100
    19.1500    16.5600    13.1300    14.7800    19.6900    23.4600    26.1900
    28.2200    29.7600    30.9200    31.7800    32.4100    32.8500    33.1300
    33.2900    33.3600    33.3600    33.3100    33.2500    33.1800    33.1100
    33.0700    33.0600    26.1900    26.3200    26.6800    27.2500    27.9800
    28.8200    29.7000    30.5600    31.3300    31.9600    32.3900    32.5600
    32.4100    31.8400    30.7500    28.9500    26.0800    21.3300    14.1100
    18.3600    23.0600    25.2800    25.9900    25.4500    23.4600    19.0000
    7.30000    18.2200    24.6700    28.3000    30.7000    32.3800    33.5700
    34.4100    34.9600    35.2800    35.3800    35.2800    34.9600    34.4100
    33.5700    32.3800    30.7000    28.3000    24.6700    18.2200    7.30000
    19.0000    23.4600    25.4500    25.9900    25.2800    23.0600    18.3600
    14.1100    21.3300    26.0800    28.9500    30.7500    31.8400    32.4100
    32.5600    32.3900    31.9600    31.3300    30.5600    29.7000    28.8200
    27.9800    27.2500    26.6800    26.3200    26.1900    19.3400    19.2100
    18.7700    17.8900    16.3300    14.0600    13.6000    17.7300    22.1800
    25.6400    28.1900    29.9700    31.0200    31.3100    30.7200    28.9600
    25.3200    17.9600    20.1100    26.3000    29.1500    30.1300    29.5800
    27.2000    21.2100    12.5400    25.7000    30.8500    33.8400    35.7900
    37.1100    38.0000    38.6100    39.0100    39.2600    39.4000    39.4400
    39.4000    39.2600    39.0100    38.6100    38.0000    37.1100    35.7900
    33.8400    30.8500    25.7000    12.5400    21.2100    27.2000    29.5800
    30.1300    29.1500    26.3000    20.1100    17.9600    25.3200    28.9600
    30.7200    31.3100    31.0200    29.9700    28.1900    25.6400    22.1800
    17.7300    13.6000    14.0600    16.3300    17.8900    18.7700    19.2100
    19.3400    21.4400    21.7000    22.4400    23.4600    24.4900    25.2800
    25.5600    25.0300    23.1300    18.3400    8.24000    20.9500    26.3300
    28.8700    29.5400    28.2900    24.1400    18.6500    26.5700    31.1300
    33.1100    33.2900    31.6300    27.0700    12.2700    26.3900    32.3300
    35.3200    37.0000    37.9200    38.3700    38.5200    38.5100    38.4200
    38.3200    38.2500    38.2200    38.2500    38.3200    38.4200    38.5100
    38.5200    38.3700    37.9200    37.0000    35.3200    32.3300    26.3900
    12.2700    27.0700    31.6300    33.2900    33.1100    31.1300    26.5700
    18.6500    24.1400    28.2900    29.5400    28.8700    26.3300    20.9500
    8.24000    18.3400    23.1300    25.0300    25.5600    25.2800    24.4900
    23.4600    22.4400    21.7000    21.4400    24.2100    23.6900    21.9900
    18.6400    15.5300    20.1700    24.8100    27.6600    29.0800    29.1300
    27.4600    22.7200    8.69000    22.4500    26.7400    26.9200    23.1300
    23.2800    30.6200    34.4400    35.9000    35.4300    32.6800    25.3800
    21.0300    30.8900    34.3900    35.7600    35.9400    35.3800    34.3700
    33.1900    32.0600    31.1700    30.5800    30.2700    30.1800    30.2700
    30.5800    31.1700    32.0600    33.1900    34.3700    35.3800    35.9400
    35.7600    34.3900    30.8900    21.0300    25.3800    32.6800    35.4300
    35.9000    34.4400    30.6200    23.2800    23.1300    26.9200    26.7400
    22.4500    8.69000    22.7200    27.4600    29.1300    29.0800    27.6600
    24.8100    20.1700    15.5300    18.6400    21.9900    23.6900    24.2100
    32.6600    32.4900    31.9100    30.7700    28.6800    24.6500    15.2400
    21.5200    28.0900    31.0900    32.0300    31.0400    27.3800    18.3400
    21.3300    24.9200    23.0200    26.6600    33.3100    36.7800    37.8700
    36.7900    32.9200    22.4800    25.8300    31.5000    32.5200    30.9900
    27.2200    22.8000    23.7600    25.4500    25.1500    22.9500    18.7900
    12.2900    5.96000    12.2900    18.7800    22.9500    25.1500    25.4500
    23.7600    22.8000    27.2200    30.9900    32.5200    31.5000    25.8300
    22.4800    32.9200    36.7900    37.8700    36.7800    33.3100    26.6600
    23.0200    24.9200    21.3300    18.3400    27.3800    31.0400    32.0300
    31.0900    28.0900    21.5200    15.2400    24.6500    28.6800    30.7700
    31.9100    32.4900    32.6600    33.7500    33.7500    33.7300    33.5300
    32.9300    31.5400    28.6100    21.8800    21.4200    29.5100    33.0100
    34.0000    32.7200    28.4400    20.3900    22.8100    23.6100    28.6600
    35.0600    38.3800    39.1500    37.4600    32.4300    20.2600    26.3700
    27.9000    24.3500    28.4700    33.6900    35.9300    36.0800    34.3400
    30.1600    21.7600    25.1100    29.9200    31.2000    29.9200    25.1100
    21.7600    30.1600    34.3400    36.0800    35.9300    33.6900    28.4700
    24.3500    27.9000    26.3700    20.2600    32.4300    37.4600    39.1500
    38.3800    35.0600    28.6600    23.6100    22.8100    20.3900    28.4400
    32.7200    34.0000    33.0100    29.5100    21.4200    21.8800    28.6100
    31.5400    32.9300    33.5300    33.7300    33.7500    33.7500    29.3700
    29.6300    30.3200    31.1800    31.9200    32.1700    31.4900    29.1000
    23.6200    25.7600    32.0400    34.8600    35.1200    32.6900    26.5700
    21.9700    24.0600    29.5900    36.0800    39.3500    39.8300    37.4900
    31.2300    20.7600    24.0300    26.4500    34.2400    38.7600    40.6200
    40.4000    37.9400    31.5500    28.0000    36.8900    40.8100    42.6600
    43.2200    42.6600    40.8100    36.8900    28.0000    31.5500    37.9400
    40.4000    40.6200    38.7600    34.2400    26.4500    24.0300    20.7600
    31.2300    37.4900    39.8300    39.3500    36.0800    29.5900    24.0600
    21.9700    26.5700    32.6900    35.1200    34.8600    32.0400    25.7600
    23.6200    29.1000    31.4900    32.1700    31.9200    31.1800    30.3200
    29.6300    29.3700    26.9400    26.6400    25.8600    25.2800    26.1900
    28.2400    29.8500    30.0500    28.1100    25.3000    30.1400    34.5000
    36.0300    34.8100    30.1100    22.7300    23.8500    29.6000    36.4500
    39.7600    39.9400    36.8700    29.3100    22.1100    26.6500    35.1700
    40.5100    42.9300    43.0600    40.7400    33.9300    31.6700    40.9900
    45.1300    47.3600    48.5200    48.8700    48.5200    47.3600    45.1300
    40.9900    31.6700    33.9300    40.7400    43.0600    42.9300    40.5100
    35.1700    26.6500    22.1100    29.3100    36.8700    39.9400    39.7600
    36.4500    29.6000    23.8500    22.7300    30.1100    34.8100    36.0300
    34.5000    30.1400    25.3000    28.1100    30.0500    29.8500    28.2400
    26.1900    25.2800    25.8600    26.6400    26.9400    32.9300    32.7000
    31.8900    30.2400    27.1600    22.2600    22.9600    27.1000    28.4000
    27.3200    28.7400    33.4100    35.9700    35.6800    31.9200    23.7000
    22.7900    28.7500    36.2300    39.6500    39.5100    35.5900    26.6200
    23.7000    32.4500    39.8000    43.5500    44.6300    43.1900    37.9400
    28.5000    41.2000    46.1700    48.8400    50.3800    51.2000    51.4600
    51.2000    50.3800    48.8400    46.1700    41.2000    28.5000    37.9400
    43.1900    44.6300    43.5500    39.8000    32.4500    23.7000    26.6200
    35.5900    39.5100    39.6500    36.2300    28.7500    22.7900    23.7000
    31.9200    35.6800    35.9700    33.4100    28.7400    27.3200    28.4000
    27.1000    22.9600    22.2600    27.1600    30.2400    31.8900    32.7000
    32.9300    34.6100    34.5200    34.1500    33.3000    31.5500    28.0300
    19.6800    17.9300    25.8400    27.5900    28.2800    32.0100    35.2000
    35.6700    32.5900    24.0900    20.8400    27.0300    35.4700    39.0400
    38.5500    33.6000    23.1100    25.6500    36.0300    42.1800    44.8400
    44.7700    41.5900    30.7900    37.7400    44.8000    48.1500    50.0700
    51.2000    51.8100    52.0000    51.8100    51.2000    50.0700    48.1500
    44.8000    37.7400    30.7900    41.5900    44.7700    44.8400    42.1800
    36.0300    25.6500    23.1100    33.6000    38.5500    39.0400    35.4700
    27.0300    20.8400    24.0900    32.5900    35.6700    35.2000    32.0100
    28.2800    27.5900    25.8400    17.9300    19.6800    28.0300    31.5500
    33.3000    34.1500    34.5200    34.6100    33.6000    33.6100    33.5800
    33.2700    32.3800    30.3900    26.2400    16.4400    21.3100    26.2200
    27.7000    30.4700    33.8700    34.9200    32.3700    23.7400    18.1800
    24.3700    34.1500    37.9100    37.0400    30.8400    18.7900    27.2900
    37.8600    43.1100    44.8900    43.7300    38.4400    26.3400    40.8900
    45.6300    48.0500    49.4600    50.3300    50.8200    50.9800    50.8200
    50.3300    49.4600    48.0500    45.6300    40.8900    26.3400    38.4400
    43.7300    44.8900    43.1100    37.8600    27.2900    18.7900    30.8400
    37.0400    37.9100    34.1500    24.3700    18.1800    23.7400    32.3700
    34.9200    33.8700    30.4700    27.7000    26.2200    21.3100    16.4400
    26.2400    30.3900    32.3800    33.2700    33.5800    33.6100    33.6000
    30.6300    30.7400    30.9700    31.1000    30.8500    29.8400    27.5200
    22.9400    19.5000    23.9200    26.3100    28.6800    32.0200    33.4700
    31.3300    22.6100    15.5200    20.6500    32.2600    36.2200    34.9500
    27.2300    14.1600    28.0400    38.3100    42.8600    43.9100    41.7100
    33.7100    32.0400    41.1000    44.4800    46.2000    47.2600    47.9900
    48.4600    48.6300    48.4600    47.9900    47.2600    46.2000    44.4800
    41.1000    32.0400    33.7100    41.7100    43.9100    42.8600    38.3100
    28.0400    14.1600    27.2300    34.9500    36.2200    32.2600    20.6500
    15.5200    22.6100    31.3300    33.4700    32.0200    28.6800    26.3100
    23.9200    19.5000    22.9400    27.5200    29.8400    30.8500    31.1000
    30.9700    30.7400    30.6300    26.0500    26.1900    26.5600    27.0100
    27.3000    27.1300    26.0900    23.6800    20.4700    21.3900    23.9300
    26.2900    29.5300    31.2400    29.3900    20.6000    13.5100    15.6700
    29.6600    33.8200    32.1700    22.7100   10.52000    27.5600    37.4500
    41.4800    41.9100    38.7500    27.1700    32.8200    39.2100    41.4700
    42.5100    43.3400    44.1800    44.8200    45.0600    44.8200    44.1800
    43.3400    42.5100    41.4700    39.2100    32.8200    27.1700    38.7500
    41.9100    41.4800    37.4500    27.5600   10.52000    22.7100    32.1700
    33.8200    29.6600    15.6700    13.5100    20.6000    29.3900    31.2400
    29.5300    26.2900    23.9300    21.3900    20.4700    23.6800    26.0900
    27.1300    27.3000    27.0100    26.5600    26.1900    26.0500    20.1300
    20.1200    20.2000    20.6200    21.4200    22.2300    22.4600    21.5600
    19.4200    18.4400    20.3200    22.7800    25.9800    27.8500    26.2000
    17.3500    11.2400    9.07000    25.9800    30.3200    28.3400    17.1600
    7.62000    25.4200    35.0000    38.6500    38.6100    34.6400    18.2900
    30.6100    35.2600    36.2600    36.3200    37.1300    38.6000    39.7600
    40.1700    39.7600    38.6000    37.1300    36.3200    36.2600    35.2600
    30.6100    18.2900    34.6400    38.6100    38.6500    35.0000    25.4200
    7.62000    17.1600    28.3400    30.3200    25.9800    9.07000    11.2400
    17.3500    26.2000    27.8500    25.9800    22.7800    20.3200    18.4400
    19.4200    21.5600    22.4600    22.2300    21.4200    20.6200    20.2000
    20.1200    20.1300    12.5300    12.1000    10.9900   10.29000    11.7100
    14.1600    15.8300    16.0700    14.6900    13.0800    14.1900    16.7100
    19.9200    21.8800    20.3400    11.4600    6.26000  0.    19.8200    24.2900
    22.0800    9.65000    2.47000    20.2000    29.5800    32.9900    32.6600
    28.1300    5.89000    24.9500    28.3300    27.5400    25.0700    26.6300
    30.1900    32.3100    32.9800    32.3100    30.1900    26.6300    25.0700
    27.5400    28.3300    24.9500    5.89000    28.1300    32.6600    32.9900
    29.5800    20.2000    2.47000    9.65000    22.0800    24.2900    19.8200
  0.    6.26000    11.4600    20.3400    21.8800    19.9200    16.7100    14.1900
    13.0800    14.6900    16.0700    15.8300    14.1600    11.7100   10.29000
    10.9900    12.1000    12.5300
