    25.0000   0.806774   0.711480   0.150000
    24.3902    2.64292   0.213133   0.580000
    19.2308    5.69396    1.69010E-02    13.3800
    17.5439    5.78174  -0.823849   0.510000
    24.3902    6.19647  -0.258685    2.54000
    13.8889    1.03628E-01  -0.767184    3.21000
    24.3902   0.132935   -1.10490    3.15000
    22.2222   0.179404   -1.00769    2.63000
    15.1515   0.416404    4.27600E-03    11.9400
    15.3846   0.488108   0.358925    1.71000
    15.6250   0.570283  -0.540322    4.31000
    20.8333   0.614571   -1.20229    2.50000
    20.0000   0.701182    4.65000E-04    1.95000
    17.2414   0.786194  -0.415735    2.91000
    20.8333   0.977816   0.416113    6.81000
    4.87805    1.10421  -0.135000    11.0900
    19.2308    1.16806   0.280764    3.36000
    25.0000    1.20674  -0.213278    3.01000
    22.7273    1.33248    2.61800E-03    1.01000
    24.3902    1.46810    4.18900E-03    2.86000
    21.7391    1.50396  -0.259005    1.85000
    16.6667    1.51014  -0.891568    2.74000
    23.8095    1.63893   -1.03305    11.8200
    2.65252    1.75819  -0.290538    1.42000
    2.65252    1.75819  -0.290538    11.1800
    17.2414    1.76386   0.655979   10.30000
    19.6078    1.77884   -1.08012    1.81000
    25.0000    1.89360  -0.270437    3.41000
    23.8095    1.89898   0.290276    1.70000
    14.7059    1.96967   0.558502   0.740000
    14.7059    1.96967   0.558502    1.96000
    23.8095    2.16718  -0.637100    2.56000
    8.84956    2.26717  -0.572145    12.2700
    20.8333    2.28339  -0.951636   0.360000
    15.1515    2.33786   0.841942    2.24000
    20.0000    2.36345   -1.15534    2.50000
    22.7273    2.41145   -1.21320   0.110000
    23.8095    2.52708   -1.00801    3.43000
    22.2222    2.63754   0.619414    2.75000
    23.8095    2.70765    1.14877    3.11000
    23.8095    2.87469   0.988753   0.490000
    19.6078    2.91992  -0.393599    3.02000
    25.0000    2.92974   0.362997   0.570000
    11.9048    2.97424   0.377600    13.8600
    4.85437    3.06726   -1.12675    13.0500
    19.2308    3.08078   0.254148    4.48000
    13.1579    3.08274   0.259209    1.54000
    23.8095    3.11307  -0.294465    3.29000
    18.8679    3.19815    1.00024    1.93000
    16.6667    3.21917   0.458641    5.05000
    18.5185    3.36265  -0.696499    2.92000
    19.6078    3.48097  -0.636140    1.27000
    15.1515    3.52409  -0.145036    11.4100
    22.7273    3.72800   0.900527    2.97000
    18.5185    3.87505  -0.276371    1.41000
    19.2308    3.98624   -1.02305    2.65000
    24.3902    4.06907   0.469171   0.300000
    13.5135    4.11997  -0.659033    12.1500
    19.6078    4.48329  -0.273404   0.960000
    22.2222    4.55230  -0.421175    2.44000
    17.2414    4.59288   0.219823   0.890000
    17.8571    4.59885  -0.950676    3.98000
    18.1818    4.69833    1.44393    13.1100
    25.0000    4.73411    9.68700E-03    1.74000
    8.06452    4.86617   0.676079   0.500000
    12.1951    4.97700    1.23193    12.7500
    9.61538    5.05205    1.31770E-02    12.3900
    5.10204    5.18513   0.152454    2.22000
    10.8696    5.20949   -2.03620E-02    13.5100
    19.2308    5.21465  -0.272706    3.60000
    22.2222    5.31915  -0.736670    3.86000
    13.5135    5.37660   0.434585    10.8800
    20.0000    5.50459  -0.349995    3.33000
    22.7273    5.52263  -0.373411    3.52000
    24.3902    5.56895  -0.936539    2.45000
    15.6250    5.57361    1.08861    1.48000
    17.2414    5.60619   0.960042    13.4800
    22.2222    5.61433    1.28162    11.1500
    19.6078    5.65644    1.44559    11.5600
    14.4928    5.69098  -0.285447    2.02000
    22.7273    5.79308    1.66100E-02    1.74000
    23.8095    5.84275    1.11700E-02    1.97000
    22.7273    5.95830  -0.900236    1.70000
    23.2558    5.97663  -0.578428    2.63000
    20.8333    5.99168    1.77400E-03    14.9100
    6.71141    5.99910  -0.521647    2.03000
    19.2308    6.02266   0.741557    3.67000
    25.0000    6.05299  -0.396682    3.61000
    13.1579    6.07306    1.42830E-02    14.8000
    16.9492    6.20178   0.563215    11.7500
    8.19672    6.28126  -0.758080    13.4800
    8.19672    6.28126  -0.758080    13.4800
    21.2766    2.66160E-02   0.634424    4.57000
    15.1515    2.83610E-02    1.02753    1.37000
    15.1515    3.80330E-02  -0.274742    3.99000
    23.2558   0.138389   0.831470    5.57000
    20.4082   0.139989  -0.918911    4.02000
    15.8730   0.142534    1.51550E-02    4.20000
    21.2766   0.184422  -0.388857    3.60000
    25.0000   0.198167    1.08500E-02    6.11000
    21.7391   0.202239   0.290974    3.39000
    4.18410   0.202966    2.67600E-03    14.2600
    15.6250   0.207766  -0.190473    4.23000
    15.6250   0.218456    1.06203    3.83000
    19.6078   0.313649    3.34500E-03    3.67000
    14.4928   0.318230  -0.799327    4.15000
    20.8333   0.323248   -1.20674    3.26000
    20.8333   0.323175   -1.20671    5.71000
    25.0000   0.399606   0.600797    6.91000
    16.1290   0.409496   0.718316    3.06000
    23.2558   0.467455  -0.190822    2.85000
    20.0000   0.480908   0.512019    1.91000
    18.5185   0.502216  -0.907799    4.75000
    21.2766   0.511379   -1.07884    1.22000
    22.2222   0.568247    1.09370E-02    3.94000
    14.4928   0.685693  -0.210893    4.02000
    25.0000   0.694128   0.697837    2.94000
    20.0000   0.701182    4.65000E-04    4.69000
    12.6582   0.701473   0.855527    3.62000
    23.2558   0.707873    1.57950E-02    2.43000
    13.6986   0.710200  -0.327829    3.78000
    15.8730   0.736816  -0.772886    7.17000
    13.5135   0.828809  -0.509343    3.20000
    20.4082   0.829972    6.66100E-03    3.51000
    17.5439   0.909748   -1.10153    3.49000
    16.3934   0.935128    4.27600E-03    3.21000
    21.2766   0.950399    6.54500E-03    5.04000
    22.7273   0.965526   0.430105    9.02000
    13.8889   0.967344   0.319306    14.3900
    17.5439   0.980434  -0.408347    3.01000
    22.2222   0.982324   0.418702    7.77000
    18.1818    1.04741    7.03900E-03    4.08000
    23.2558    1.06275  -0.484966    3.74000
    21.7391    1.07017   0.661651    3.83000
    16.9492    1.11141  -0.900789    3.09000
    18.1818    1.13206  -0.451078    4.68000
    23.2558    1.21714  -0.732307    2.62000
    17.5439    1.22296  -0.649986    3.82000
    7.57576    1.25278   0.119991    3.79000
    25.0000    1.27968    1.03850E-02    5.81000
    18.8679    1.31553  -0.859076    4.01000
    20.4082    1.32099   0.899422    3.43000
    12.0482    1.32928   -1.00426    4.31000
    20.8333    1.33626    9.07600E-03    3.53000
    18.8679    1.37131    1.38191    3.66000
    15.6250    1.40280   0.302609    4.04000
    21.7391    1.46512  -0.501227    3.59000
    8.13008    1.49392  -0.392057    4.05000
    15.3846    1.54519  -0.247399    2.78000
    23.8095    1.63027   0.214471    3.16000
    22.7273    1.68060  -0.450671    4.28000
    21.2766    1.73543    1.38968    3.81000
    19.2308    1.75616   0.226048    1.94000
    21.2766    1.76066  -0.553877    4.28000
    21.2766    1.78241  -0.812621    3.49000
    23.8095    1.79688   0.231139    2.86000
    24.3902    1.80939   -1.30311    5.71000
    14.4928    1.81295  -0.618541    5.42000
    21.7391    1.88116  -0.814628    2.79000
    16.3934    1.90734   0.385308    2.46000
    25.0000    1.90763  -0.284487    3.71000
    16.6667    1.94560   0.556495    3.07000
    22.7273    1.94669   0.868791    3.58000
    18.8679    1.97185  -0.387228    3.07000
    3.48432    1.99265    9.34620E-02    2.66000
    3.48432    1.99265    9.34620E-02    12.9900
    7.04225    1.99854  -0.301766    13.7600
    13.6986    2.05250  -0.603503    4.33000
    5.78035    2.06006   -1.18042    1.57000
    21.7391    2.11700    1.21946    4.91000
    17.8571    2.13009   -1.06726    3.49000
    20.0000    2.13082  -0.238265    4.02000
    23.8095    2.13518   0.310667    3.17000
    15.8730    2.16870   0.477898    4.14000
    19.2308    2.18099   -1.33974    2.64000
    18.5185    2.19074   -6.26280E-02    4.26000
    20.0000    2.23925    1.38750E-02    4.48000
    16.1290    2.25561  -0.392522    4.01000
    16.1290    2.25561  -0.392522    5.66000
    13.5135    2.34484   0.732714    3.30000
    18.8679    2.34825   -1.02785    3.77000
    18.5185    2.38244    1.17530    3.47000
    15.8730    2.41618  -0.649317    3.62000
    17.5439    2.42861   -1.19517    4.16000
    17.5439    2.46897   -1.40187    8.86000
    14.0845    2.47232   -4.45060E-02    3.87000
    15.3846    2.48155  -0.702433    2.66000
    19.2308    2.48504   0.905937    1.76000
    19.6078    2.53929  -0.480661    3.32000
    20.8333    2.65012  -0.621538    4.53000
    25.0000    2.66707    2.38500E-03    5.20000
    16.6667    2.68125   0.407678    4.71000
    19.6078    2.69223   0.344264    3.34000
    21.7391    2.69834  -0.265841    5.49000
    23.8095    2.70183   0.724017    3.90000
    11.7647    2.72015   -1.28764    3.65000
    22.2222    2.72779    1.44539    3.53000
    12.3457    2.73768   0.981539    4.38000
    20.4082    2.74633  -0.933077    3.33000
    22.2222    2.76655  -0.208769    3.96000
    19.2308    2.84073  -0.346475    3.81000
    17.2414    2.84138  -0.770472    6.91000
    18.8679    2.93737   0.925805    5.12000
    21.2766    2.97279   0.188582    2.31000
    19.2308    2.99962  -0.896891    5.96000
    23.8095    3.00253   0.725413    5.08000
    19.6078    3.00864    1.07093    4.02000
    22.7273    3.01853    5.90500E-03    4.00000
   10.00000    3.08958    3.57210E-02    3.60000
    19.6078    3.10631  -0.654001    4.99000
    19.2308    3.16019   -1.12285    2.72000
    14.7059    3.16703  -0.426731    3.18000
    24.3902    3.18296   0.236404    8.24000
    20.8333    3.26157  -0.228928    4.78000
    19.2308    3.27022  -0.277855    2.88000
   10.10101    3.31225   -2.05080E-02    2.72000
   10.10101    3.31225   -2.05080E-02    3.48000
    25.0000    3.34440    1.05752    3.86000
    23.8095    3.36243    4.91600E-03    4.24000
    20.4082    3.40810  -0.354562   0.400000
    18.5185    3.43632   0.310551    2.98000
    20.8333    3.43959   0.631806    6.41000
    19.2308    3.45195   -1.02689    3.48000
    20.4082    3.47653    1.48373    5.73000
    20.0000    3.57092   0.886128    4.83000
    20.0000    3.59027  -0.572320    2.72000
    17.5439    3.59921   0.309009    3.28000
    24.3902    3.70059   0.442060    2.89000
    23.2558    3.72357    1.33230E-02    2.25000
    20.0000    3.73571  -0.446656    4.35000
    14.7059    3.76771   0.908992    3.22000
    15.8730    3.80698   0.522927    3.47000
    20.4082    3.81149   -1.18178    4.49000
    19.6078    3.83287   -1.13024    1.73000
    24.3902    3.84152    7.70800E-03    1.93000
    21.2766    3.85323  -0.440373    3.56000
    21.2766    3.85330  -0.440402    5.46000
    25.0000    3.87228   0.405583    5.01000
    20.8333    3.87425  -0.275586    3.55000
    24.3902    3.90326    2.50200E-03    2.54000
    16.1290    3.94922   0.437435    3.89000
    23.8095    3.96428  -0.906141    4.81000
    21.2766    3.98827    1.17873    3.51000
    16.9492    4.09168  -0.776609    3.49000
    12.0482    4.14826   -1.10441    2.45000
    17.8571    4.14928   0.743332    3.36000
    23.2558    4.16244   0.664792    3.61000
    12.3457    4.16317   0.276168    3.40000
    21.7391    4.19291    1.02447    2.34000
    23.8095    4.19582  -0.196116    2.28000
    23.2558    4.24462   0.593118    3.83000
    25.0000    4.26818   0.695103    3.47000
    17.8571    4.30512   0.643499    12.6000
    23.8095    4.38228   0.992563    2.96000
    16.9492    4.43202    1.13815    3.75000
    20.4082    4.46249    1.35260E-02    4.46000
    22.7273    4.46925   0.951810    3.14000
    22.7273    4.46925   0.951810    4.02000
    16.3934    4.48795  -0.753542    2.26000
    16.6667    4.52911  -0.367593    3.28000
    23.2558    4.60997  -0.861955    2.93000
    16.6667    4.62699  -0.378036    3.76000
    21.2766    4.63739    1.25966    2.95000
    21.2766    4.63753    1.25980    4.18000
    22.2222    4.70291    1.20140E-02    2.89000
    16.9492    4.71389    3.17100E-03    3.63000
    16.3934    4.73476   0.533253    3.97000
    24.3902    4.74465    1.94900E-03    3.73000
    21.2766    4.77171    1.12364    3.40000
    22.7273    4.78218  -0.797931    5.07000
    7.75194    4.80821    1.26905    4.13000
    20.4082    4.90224   0.357732    2.65000
    18.5185    4.98740  -0.648154    2.86000
    18.5185    4.98740  -0.648154    3.66000
    21.7391    5.02223    1.33479    3.43000
    14.2857    5.07444    5.25920E-02    2.59000
    22.2222    5.12579  -0.251559    3.73000
    17.8571    5.12731   0.874493    3.21000
    22.7273    5.15175  -0.272066    3.71000
    22.2222    5.15859    1.01048    4.51000
    20.4082    5.16847   0.586602    3.44000
    21.2766    5.18636   0.179564    3.52000
    20.8333    5.22338  -0.590587    4.07000
    21.7391    5.34948  -0.313809    3.09000
    21.2766    5.39267   -1.05973    3.47000
   10.41667    5.42416  -0.444213    4.05000
    23.8095    5.42845    1.00181    2.64000
    20.4082    5.43274  -0.770937    3.55000
    22.2222    5.47078  -0.462306   0.400000
    25.0000    5.53710  -0.706360    3.84000
    17.5439    5.55034   0.171100    3.27000
    17.5439    5.55034   0.171100    4.08000
    20.0000    5.55361   0.660284    2.21000
    8.62069    5.59520   -1.14481    4.54000
    21.7391    5.68058   0.497707    2.82000
    21.7391    5.68058   0.497707    4.41000
    21.2766    5.71840  -0.240651    3.45000
    13.3333    5.77999   0.438075    3.14000
    19.2308    5.79105  -0.572378    3.50000
    25.0000    5.86464    2.41400E-03    3.76000
    21.7391    5.88471    1.41370E-02    4.46000
    22.2222    5.89904  -0.365906    3.44000
    20.8333    5.95241   0.207984    2.60000
    24.3902    5.97714    9.91900E-03    3.23000
    20.0000    6.02455  -0.611211    3.59000
    25.0000    6.05270  -0.752786    3.82000
    21.7391    6.06608   0.857534    2.84000
    24.3902    6.08469   -1.02119    2.05000
    14.0845    6.18447    9.34620E-02    3.39000
    25.0000    6.23748    1.34954    4.58000
  0.  0.  0.    4.79000
    22.2222    1.58530E-02    1.01505    4.24000
    22.2222    1.58530E-02    1.01505    5.47000
    20.4082    1.62900E-02  -0.861374    4.14000
    20.4082    1.62900E-02  -0.861374    9.95000
    24.3902    2.16710E-02  -0.420593    6.75000
    19.6078    3.94880E-02   -1.03303    6.88000
    16.9492    4.58150E-02    1.20491    11.7500
    22.2222    6.01410E-02   0.273055    14.1700
    14.7059    6.28320E-02  -0.923827    6.00000
    22.2222    6.43590E-02  -0.770210    6.22000
    23.2558    6.72680E-02  -0.239691    4.71000
    19.2308    7.03220E-02    5.73000E-03    5.03000
    7.19424    7.62850E-02   -1.13740    4.95000
    20.4082    8.85750E-02  -0.217932    4.84000
    6.28931    1.01010E-01   -1.35323    3.81000
    24.3902   0.132935   -1.10490    4.26000
    15.8730   0.142534    1.51550E-02    5.30000
    13.5135   0.151770  -0.437057    4.93000
    13.5135   0.151770  -0.437057    5.75000
    23.8095   0.165951  -0.420157    4.26000
    17.5439   0.166242   -1.04257    4.66000
    24.3902   0.166896    8.81400E-03    5.08000
    24.3902   0.173296  -0.918475    11.0600
    22.2222   0.179404   -1.00769   10.27000
    23.8095   0.183113  -0.467600    5.94000
    17.8571   0.185586   -1.15040    5.28000
    22.7273   0.196930  -0.649404    6.04000
    5.81395   0.200930    1.00446    4.62000
    15.6250   0.204857  -0.409918    6.20000
    20.4082   0.228273   0.415939    5.85000
    15.8730   0.231982  -0.909457    12.7000
    24.3902   0.234164    1.02820    2.68000
    20.0000   0.251326   0.312936    5.89000
    25.0000   0.257726    1.42825    6.41000
    22.7273   0.272124  -0.693736    5.94000
    20.8333   0.274088   0.264300    7.61000
    7.87401   0.283324   0.954283    5.64000
    19.6078   0.313503    3.11200E-03    6.41000
    23.2558   0.314958  -0.735798    6.64000
    20.8333   0.317866   -1.13489    7.43000
    20.0000   0.351464  -0.230848    6.34000
    13.6986   0.361936  -0.490348    7.61000
    14.2857   0.396551  -0.426411    6.18000
    17.5439   0.404478  -0.526505    6.68000
    17.5439   0.404478  -0.526505    9.98000
    24.3902   0.427022    1.16346    5.75000
    11.4943   0.430803   0.739376    4.66000
    18.8679   0.434003  -0.797117    7.91000
    3.61011   0.443966  -0.282742    5.71000
    17.8571   0.445929   0.346155   0.500000
    15.3846   0.463382  -0.728584    6.19000
    23.2558   0.466582  -0.191113    4.94000
    17.2414   0.497489  -0.905065    2.52000
    17.2414   0.497489  -0.905065    9.82000
    20.0000   0.500543  -0.182968    4.91000
    20.0000   0.531959  -0.796797    5.78000
    20.0000   0.531959  -0.796797    11.4900
    18.5185   0.537195  -0.494158   10.05000
    15.8730   0.540104   0.784580    13.2000
    25.0000   0.545558    1.48350E-02    4.91000
    25.0000   0.545412    1.44860E-02    8.53000
    22.2222   0.568247    1.09370E-02    6.01000
    20.8333   0.581482    6.89400E-03    8.21000
   10.30928   0.584682   0.593351    4.80000
   10.41667   0.596609  -0.456954    6.24000
    13.1579   0.611953  -0.419633    4.59000
    22.7273   0.625624    9.65700E-03    6.42000
    15.6250   0.633333    3.57800E-03    8.53000
    24.3902   0.666785    1.34680E-02    4.88000
    22.7273   0.672385  -0.835688    10.7200
    18.1818   0.675875  -0.607226    4.48000
    25.0000   0.678566   0.534184    5.36000
    20.8333   0.684747  -0.463033    7.18000
    14.4928   0.685693  -0.210893    4.79000
    23.2558   0.686347    1.13400E-03    6.00000
    23.2558   0.686347    1.13400E-03    7.17000
    23.8095   0.691438  -0.529705    6.14000
    14.2857   0.701837  -0.890375    4.64000
    21.2766   0.722999   0.539478    5.46000
    22.2222   0.735434  -0.931303    9.27000
    25.0000   0.783067  -0.493606    3.89000
    21.7391   0.790412    1.50970E-02    6.38000
    11.6279   0.809174   0.862595    3.72000
    13.5135   0.828809  -0.509343    5.85000
    20.4082   0.829972    6.66100E-03    9.95000
    25.0000   0.843935  -0.800258   0.480000
    15.3846   0.857388    4.07000E-04    6.08000
    11.2360   0.858188   -1.09548    5.29000
    9.34579   0.858407    3.28700E-03    4.99000
    11.2360   0.860079   -1.09426    4.98000
    20.4082   0.863497    1.49220E-02    6.90000
    6.21118   0.863643  -0.755025    5.29000
    17.8571   0.877678   0.412070    1.24000
    18.5185   0.890622  -0.537471    6.53000
    23.8095   0.945382   0.581395    10.9200
    21.7391   0.945382   0.442031    12.5100
    20.8333   0.965526   0.429814    9.41000
    21.7391   0.965962   0.429523    9.51000
    19.2308   0.973307    1.19581   10.18000
    23.2558   0.992214   -1.13428    6.02000
    25.0000    1.03556   0.894593    12.9100
    25.0000    1.05570    2.00700E-03    6.34000
    14.4928    1.05752   0.381789    5.09000
    15.8730    1.08843   0.879699  0.
    19.6078    1.11293  -0.457128    11.9400
    14.4928    1.13119   0.337981    1.42000
    17.2414    1.13140   0.338039    1.53000
    18.1818    1.13206  -0.451078    5.50000
    18.1818    1.13206  -0.451078    6.89000
    25.0000    1.14849  -0.998032    4.29000
    25.0000    1.14849  -0.998061    5.41000
    22.7273    1.15497   -1.12044    6.11000
    24.3902    1.20376  -0.251326    5.16000
    20.4082    1.20856    1.34100E-02    14.1500
    22.7273    1.21358    5.12000E-03    9.32000
    23.2558    1.21714  -0.732307    10.6700
    15.6250    1.21947   -1.03047    5.56000
    15.6250    1.21947   -1.03047    6.43000
    12.9870    1.24507  -0.297141    4.94000
    24.3902    1.25685   0.798629    5.03000
    7.63359    1.31044  -0.372160    11.2900
    19.6078    1.31481  -0.980201    5.56000
    20.4082    1.32099   0.899422    11.4500
    20.4082    1.32099   0.899422    7.88000
    16.9492    1.32862   0.324280    3.75000
    16.9492    1.32862   0.324280    4.55000
    25.0000    1.34921  -0.779024    6.72000
    16.1290    1.36164  -0.277157    6.39000
    13.3333    1.36564   0.801975   0.540000
    13.3333    1.36564   0.801975   0.330000
    14.9254    1.37713   0.699117    3.84000
    15.6250    1.38149  -0.317328    4.99000
    14.4928    1.38171  -0.374284    10.7900
    22.2222    1.42702   -1.05513    5.24000
    23.8095    1.42724   -1.32170    5.29000
    18.1818    1.45763   0.361398    6.31000
    16.6667    1.46825  -0.750400    6.32000
    12.5000    1.48192  -0.273172    6.87000
    23.2558    1.48847   -1.40513    3.82000
    8.13008    1.49937  -0.389992    16.4500
    9.90099    1.53334   0.353747    4.43000
    21.2766    1.54112   0.243036    4.78000
    21.2766    1.56293  -0.646816    6.93000
    20.4082    1.56410  -0.541689    8.25000
    21.7391    1.58300   0.617785    4.41000
    24.3902    1.58402  -0.786005    4.40000
    9.61538    1.60635   0.180524    12.4900
    23.2558    1.61573    1.23574    5.60000
    17.5439    1.61631   0.185789    5.24000
    8.69565    1.62198   -1.30439    5.38000
    20.0000    1.63456    2.03600E-03    4.19000
    20.0000    1.63420    2.35600E-03    11.9100
    23.8095    1.63893   -1.03305    4.56000
    12.0482    1.67216   0.327917    13.4000
    3.96825    1.68794   -4.83450E-02    16.4100
    20.0000    1.69412   0.915391    8.88000
    16.9492    1.70329  -0.759156   10.15000
    22.7273    1.70409    1.25756    6.02000
    16.3934    1.75783  -0.476356    5.37000
    14.7059    1.75899   0.761483    4.40000
    24.3902    1.79579  -0.496893    4.08000
    23.8095    1.79688   0.231139    5.80000
    18.8679    1.79870   0.444009   0.440000
    14.2857    1.80575  -0.963271    7.39000
    14.4928    1.81295  -0.618541    6.29000
    17.2414    1.83404   0.513531    4.76000
    20.0000    1.84313  -0.759883    4.02000
    16.6667    1.84386   0.480807    13.5200
    21.7391    1.89505  -0.714592    7.39000
    23.8095    1.89898   0.290276    8.12000
    12.0482    1.90262  -0.818497    7.50000
    16.6667    1.94560   0.556495    11.3900
    17.5439    1.94683  -0.895349    5.52000
    25.0000    1.97890    7.27000E-04    5.16000
    18.1818    2.01323  -0.786179    3.76000
    22.2222    2.01664    1.22751    5.36000
    15.8730    2.02333  -0.594689    4.36000
    15.8730    2.02392  -0.590296    17.3000
    14.2857    2.04253    1.40315    5.79000
    23.2558    2.04428   -1.03410    5.66000
    14.4928    2.04835  -0.240214    4.35000
    14.4928    2.04835  -0.240214    5.36000
    25.0000    2.05235   0.536802    6.34000
    19.2308    2.05970    4.88700E-03    6.01000
    23.8095    2.08020  -0.607575    6.06000
    15.8730    2.08071   -1.05013    4.57000
    15.8730    2.08122   -1.05004    12.4000
    17.2414    2.08326   0.512542    5.82000
    23.8095    2.10144   0.217001    6.82000
    23.8095    2.10144   0.217001    9.52000
    21.7391    2.11366    9.27900E-03    9.17000
    18.8679    2.11606  -0.510564    5.42000
    22.7273    2.13155   0.569236    5.04000
    23.8095    2.13518   0.310667    4.42000
    23.8095    2.13518   0.310667    4.32000
    17.5439    2.14165  -0.240127    8.98000
    12.6582    2.16434  -0.217496    5.47000
    16.6667    2.18027  -0.690245    6.06000
    18.5185    2.19809  -0.519436    6.46000
    21.2766    2.19969   0.799764    4.72000
    19.6078    2.20456   0.614120   10.14000
    25.0000    2.23226  -0.404652    5.20000
    20.0000    2.23925    1.39330E-02    5.74000
    15.6250    2.24615    1.13786    4.67000
    23.8095    2.24885    1.10250E-02    4.86000
    16.9492    2.24935  -0.697634    5.39000
    15.6250    2.26906   0.170081    12.5300
    20.4082    2.28033  -0.741179    2.51000
    21.2766    2.28186  -0.740859    5.56000
    20.8333    2.28339  -0.951636    3.51000
    20.8333    2.28339  -0.951636    9.41000
    20.8333    2.28339  -0.951636    11.9100
    11.9048    2.30397   0.140527   0.950000
    13.5135    2.31088   0.497823    5.32000
    12.1951    2.31997  -0.225612    12.2700
    11.7647    2.32055   -9.15130E-02    5.65000
    20.8333    2.32375   0.304093    4.66000
    15.1515    2.33786   0.841942    10.8000
    13.5135    2.34484   0.732714    5.32000
    19.2308    2.34491   0.279862    9.08000
    23.8095    2.38171   0.468386    4.12000
    18.5185    2.38244    1.17530    7.06000
    22.7273    2.38425  -0.447442    4.99000
    22.7273    2.38425  -0.447442    11.2200
    15.6250    2.39792   0.265260    6.33000
    22.2222    2.40163    1.07567    3.43000
    22.2222    2.40825    1.35181    9.27000
    17.2414    2.42134   0.502274    6.82000
    17.5439    2.42861   -1.19517    4.98000
    15.6250    2.47166  -0.124703    15.4300
    20.0000    2.47850   0.474436    1.31000
    15.3846    2.48155  -0.702433    4.06000
    19.2308    2.48504   0.905937    12.5800
    9.17431    2.49872   0.628955    5.60000
    9.17431    2.49872   0.628955    13.1900
    23.8095    2.52708   -1.00801    4.42000
    12.6582    2.53064  -0.413466    4.42000
    19.6078    2.53929  -0.480661    4.14000
    15.1515    2.55413   0.807298    4.20000
    22.2222    2.56140  -0.914286   10.27000
    21.7391    2.60504  -0.868529    10.6100
    23.2558    2.60693  -0.878856   10.27000
    18.5185    2.60983   0.561469    4.01000
    24.3902    2.64220   0.213656    11.5600
    24.3902    2.64292   0.213133  0.
    19.2308    2.64591    1.31568    8.88000
    21.7391    2.65143  -0.637275    6.39000
    15.1515    2.66568  -0.824315    7.22000
    15.1515    2.66568  -0.824315    9.90000
    17.5439    2.66590   -1.48131    7.88000
    18.5185    2.66685  -0.572203    5.03000
    23.2558    2.66830    7.06900E-03    5.93000
    23.2558    2.71965  -0.779053   10.37000
    19.2308    2.72699   0.856138    5.03000
    19.2308    2.72699   0.856138    11.0800
    23.8095    2.75142  -0.719188    9.82000
    12.1951    2.80342   0.676719    11.8700
    21.2766    2.83389    1.89100E-03    8.56000
    22.7273    2.83898  -0.355318    5.24000
    23.8095    2.84414  -0.539100    6.46000
    13.5135    2.86523   0.710316    4.40000
    17.8571    2.87752  -0.308689    11.0400
    18.5185    2.89934   -1.08477    3.26000
    20.8333    2.90392  -0.521880    4.95000
    23.8095    2.92261   0.629857   0.440000
    12.6582    2.93192    1.28711    10.6900
    18.8679    2.93737   0.925863    6.65000
    7.87401    2.94748   0.555186    4.31000
    7.87401    2.94748   0.555186    5.32000
    18.5185    2.94865    1.38170E-02    5.96000
   10.00000    2.96246  -0.352176    11.0000
    21.2766    2.97279   0.188582    5.16000
    23.8095    3.00253   0.725413    6.12000
    19.6078    3.00864    1.07093    5.74000
    9.52381    3.01969  -0.568422    15.1100
    20.4082    3.03737   0.792113    4.91000
    9.09091    3.04740   0.601844    5.55000
    23.8095    3.05438   -1.30812   0.460000
   10.20408    3.07235  -0.702113    4.86000
   10.20408    3.07242  -0.702026    14.9600
    17.8571    3.07409  -0.201497    1.28000
    15.8730    3.07504  -0.523683    5.48000
    19.2308    3.08078   0.254148    8.68000
    9.09091    3.09838   0.664560    6.66000
    25.0000    3.10623  -0.892062    9.71000
    19.6078    3.10631  -0.654001    7.54000
    18.8679    3.10660   0.343654    6.84000
    18.8679    3.10682   0.343944    7.05000
    21.7391    3.10878  -0.974150    5.00000
    21.7391    3.10878  -0.974150    6.01000
    25.0000    3.11350    1.53300E-02    8.91000
    12.5000    3.13358  -0.177354    5.06000
    21.7391    3.13816  -0.599896    5.21000
    21.7391    3.13816  -0.599896    6.61000
    24.3902    3.15307  -0.496253    5.86000
    23.2558    3.17161  -0.202050    4.72000
    22.7273    3.17459    1.23050E-02    10.8200
    13.1579    3.18455   0.955824    1.47000
    21.7391    3.18499    1.41660E-02    5.75000
    24.3902    3.19634    1.70750E-02    5.41000
    24.3902    3.19634    1.70750E-02    6.36000
    19.6078    3.20019    1.60280E-02    9.54000
    19.6078    3.23764   0.550765    7.44000
    25.0000    3.24695  -0.848836    4.26000
    19.6078    3.26011    8.73000E-04    7.57000
    20.8333    3.26157  -0.228928    8.61000
    9.17431    3.27844   0.726548    4.46000
    19.6078    3.29749    1.38735    5.50000
    23.2558    3.31473   0.464750    7.47000
    15.3846    3.32760   0.690274    5.01000
    23.2558    3.36927  -0.765817    4.05000
    15.6250    3.38796  -0.166969    11.6300
    9.25926    3.39305    6.55950E-02    16.0700
    20.4082    3.40810  -0.354562   0.480000
    18.1818    3.41508   0.980346    1.05000
    16.9492    3.42003   0.366430    13.7500
    22.7273    3.43093    8.43600E-03    5.02000
    13.1579    3.43392  -0.382603    6.67000
    18.5185    3.43632   0.310551    3.76000
    24.3902    3.44214    1.55040E-02    6.80000
    18.8679    3.44373  -0.655164    3.47000
    8.33333    3.44497   0.490988    4.66000
    23.8095    3.44730    1.29363    7.32000
    19.2308    3.45195   -1.02689    8.88000
    20.0000    3.45384   0.994367    5.33000
    12.9870    3.46577   0.169034    4.65000
    8.40336    3.47224  -0.314739    5.12000
    11.9048    3.48017   0.838452    9.42000
    24.3902    3.51675   0.245130    3.04000
    20.0000    3.53289   0.547856    8.89000
    25.0000    3.54125  -0.674508    5.30000
    7.40741    3.55267    6.89400E-02    15.3500
    21.2766    3.55383    4.65000E-04    8.38000
    20.8333    3.55573   0.529501    7.51000
    20.8333    3.55573   0.529501    8.51000
    16.9492    3.55965   0.844648   0.940000
    16.9492    3.55885   0.844502    1.48000
    20.0000    3.57092   0.886128    8.98000
    11.6279    3.58532  -0.939855    1.38000
    16.3934    3.61536  -0.421320    5.38000
    9.80392    3.63158   0.325473    2.72000
    21.7391    3.64648  -0.589104    6.48000
    22.2222    3.66328   0.274626    9.87000
    16.3934    3.66990   0.192509    5.21000
    25.0000    3.68175   -1.30227    4.03000
    25.0000    3.69332   -1.06947    7.69000
    20.0000    3.73571  -0.446656    11.7900
    23.8095    3.73688    1.13400E-03    11.6200
    16.3934    3.75549    2.57430E-02    5.20000
    17.5439    3.77062  -0.902505    6.60000
    22.2222    3.77695    8.70000E-05    3.08000
    1.34590    3.82305   -1.05819    4.34000
    20.8333    3.83069    1.12585    5.95000
    22.7273    3.84087   0.343683    8.22000
    19.2308    3.84472   0.470567    8.08000
    14.2857    3.87476   0.420913    5.15000
    6.75676    3.87934   0.336963    5.39000
    20.0000    3.90385  -0.849244    4.83000
    11.9048    3.93628   0.835107    4.38000
    11.9048    3.93628   0.835107    5.47000
    21.2766    3.93679   0.517895    12.5600
    25.0000    3.94428    1.13454    7.31000
    18.8679    3.94857    1.12113    7.06000
    23.8095    3.96486  -0.905996    1.53000
    15.6250    3.97642   -2.02170E-02    5.62000
    15.6250    3.97642   -2.02170E-02    6.43000
    15.3846    4.00733  -0.840110    4.71000
    16.1290    4.01046  -0.833216    6.65000
    16.1290    4.01046  -0.833216    7.66000
    16.6667    4.01918   0.531741    3.87000
    16.6667    4.01918   0.531741    4.79000
    16.3934    4.03627    1.49220E-02    14.2800
    17.5439    4.03925  -0.868820    6.44000
    22.7273    4.05751   0.823966    14.1200
    23.2558    4.07525  -0.488195   10.17000
    17.8571    4.10550   0.461404    9.54000
    21.7391    4.10812    1.17520E-02    4.19000
    21.7391    4.10812    1.17520E-02   10.31000
    10.6383    4.11903   0.131044    4.30000
    13.5135    4.11997  -0.659033    5.36000
    23.8095    4.12034   0.350518    8.12000
    22.7273    4.17015    1.11625    7.82000
    22.2222    4.17510  -0.790805    5.78000
    23.8095    4.17648    1.14388    7.22000
    23.8095    4.18499   0.583868    3.54000
    23.8095    4.19582  -0.196116    3.22000
    23.8095    4.19582  -0.196087    5.42000
    21.2766    4.19611  -0.197454    5.79000
    18.8679    4.19742   0.442991    5.72000
    23.8095    4.19960  -0.571156    7.12000
    12.5000    4.20280   0.685736    6.18000
    12.5000    4.20229   0.685794    1.54000
    21.2766    4.20557   -1.23799    5.59000
    24.3902    4.22346  -0.921238    9.06000
    19.6078    4.23662   0.238411    5.22000
    15.6250    4.24135   0.591634    11.2700
    23.2558    4.24462   0.593118    4.89000
    16.3934    4.24506  -0.143785    4.42000
    23.8095    4.25494    1.24017    6.02000
    25.0000    4.25873  -0.491657    5.68000
    23.2558    4.25894  -0.873271    2.18000
    25.0000    4.26818   0.695103    9.01000
    18.1818    4.27880  -0.682042    4.08000
    10.7527    4.28941   -1.22129    4.74000
    23.2558    4.29043    1.07558   0.890000
    23.8095    4.29458  -0.384174    5.76000
    17.2414    4.30519   0.323204    6.62000
    19.6078    4.32876    2.03600E-03    7.84000
    17.8571    4.33916    1.39442    5.75000
    19.6078    4.34497    1.32769    11.3400
    21.7391    4.34701    9.27900E-03   10.31000
    9.52381    4.35152  -0.801102    1.45000
    22.2222    4.35683    1.31770E-02    5.52000
    22.7273    4.35755  -0.307991    3.14000
    9.61538    4.36068   0.553121    2.90000
    21.7391    4.36628    1.37904    4.61000
    18.5185    4.36846   0.680966    2.16000
    19.2308    4.39384   -1.12317    10.9800
    14.9254    4.40890    1.30900E-03    5.75000
    6.41026    4.41966  -0.144891    17.6300
    13.5135    4.43064  -0.689169    9.55000
    16.9492    4.44344  -0.235444    5.75000
    16.1290    4.45580   0.822744    5.73000
    13.8889    4.45631  -0.497591    5.86000
    22.7273    4.46925   0.951810    11.2200
    19.6078    4.48329  -0.273404    2.04000
    19.6078    4.48329  -0.273404    10.8800
    12.3457    4.49115   -3.12120E-02    10.8600
    12.3457    4.49115   -3.12120E-02    13.4400
    23.2558    4.50373  -0.672530    4.13000
    23.2558    4.50373  -0.672530    4.97000
    7.63359    4.51711  -0.813057    6.07000
    21.7391    4.51892   -1.31414    5.30000
    17.2414    4.52220  -0.193207    11.8200
    13.6986    4.53252   0.567753    4.71000
    18.1818    4.57012   0.513706    8.60000
    19.2308    4.57194   -1.78600E-02    3.88000
    19.2308    4.57194   -1.78600E-02    4.68000
    19.6078    4.58241   0.598732    5.07000
    25.0000    4.59717  -0.861781    6.99000
    25.0000    4.59717  -0.861752    9.11000
    22.2222    4.60023  -0.742343    5.42000
    15.1515    4.60096    1.08059    4.33000
    16.6667    4.60415   0.487352    8.99000
    17.5439    4.60648   0.401162    9.01000
    16.6667    4.62212    1.24534    12.6900
    17.8571    4.62357  -0.289869    12.5400
    13.1579    4.62582  -0.904250    4.54000
    7.81250    4.64473   0.484297    3.96000
    19.6078    4.64539  -0.593322    5.70000
    16.9492    4.71389    3.17100E-03    4.85000
    16.9492    4.71389    3.17100E-03    8.35000
    22.2222    4.72611    1.14610E-02    5.06000
    25.0000    4.73411    9.68700E-03    12.0100
    13.8889    4.73447   0.278204    7.95000
    16.3934    4.73476   0.533253    7.38000
    19.2308    4.73760   -1.08236    4.05000
    24.3902    4.74465    1.94900E-03   10.06000
    21.7391    4.77389   0.788768    4.61000
    22.7273    4.77454  -0.641900    7.42000
    14.2857    4.82515   -1.01755    11.1300
    24.3902    4.85563  -0.773962    8.96000
    12.1951    4.86064   0.797873    13.5700
    22.7273    4.86123  -0.448722    5.64000
    14.9254    4.86901  -0.368175   0.500000
    23.8095    4.87082   0.504165    6.56000
    18.8679    4.88602  -0.876383    7.94000
    18.5185    4.90719  -0.885837    7.35000
    13.3333    4.93184  -0.674857    13.0800
    13.3333    4.93184  -0.674857    15.3800
    18.5185    4.95300   0.573105    3.88000
    18.5185    4.95300   0.573105    6.40000
    24.3902    4.96071   0.525487    4.85000
    18.5185    4.97489    1.36720E-02    6.86000
    22.7273    4.98151  -0.380771    1.98000
    17.5439    4.98725   0.401365    7.29000
    16.1290    4.98943  -0.661185    5.12000
    16.9492    4.99910   0.292807    4.93000
    23.8095    5.02129   0.868500    4.69000
    23.8095    5.02121   0.868471    4.86000
    24.3902    5.02340    1.00501    5.10000
    21.7391    5.02841    1.25100E-03    9.31000
    21.7391    5.02841    1.22200E-03    9.81000
    23.8095    5.02863   0.335334    12.5200
    14.2857    5.03110  -0.802382    9.43000
    24.3902    5.05219   0.649957    4.36000
    18.8679    5.05357  -0.612200   0.510000
    24.3902    5.06310  -0.387577    9.06000
    16.6667    5.07270   0.206588    4.05000
    20.0000    5.08732   0.217001    1.26000
    22.7273    5.09103  -0.472807    8.22000
    20.4082    5.09386   0.549950    5.42000
    23.8095    5.09721    1.07920E-02    5.42000
    17.8571    5.12731   0.874493    11.7400
    25.0000    5.14128   -1.03192    5.49000
    25.0000    5.14128   -1.03192    6.71000
    23.2558    5.16462   0.584420    6.67000
    9.90099    5.16491   0.471585    13.7200
    16.3934    5.20447  -0.461346    3.63000
    14.2857    5.20476   0.109606    2.95000
    25.0000    5.21632    1.03012    13.3100
    25.0000    5.22316  -0.176103    3.89000
    20.4082    5.23720   0.269826    5.61000
    19.2308    5.23843   -1.17728    4.65000
    21.7391    5.24280   0.519436    4.05000
    17.2414    5.24403   0.295541    4.62000
    22.7273    5.25050   0.669039    4.37000
    5.71429    5.25269   -1.15735    4.78000
    21.7391    5.27334   0.764363    5.75000
    21.7391    5.27334   0.764363    6.73000
    14.0845    5.28614   0.231022    11.4600
    14.9254    5.31028    1.16401    5.07000
    23.2558    5.31479  -0.875365    4.44000
    25.0000    5.33915  -0.655659    6.41000
    17.5439    5.34344  -0.541515    5.39000
    21.7391    5.34948  -0.313809    8.31000
    22.7273    5.35842   0.465593    9.62000
    19.6078    5.37159   0.728206    5.63000
    20.8333    5.39646   0.671279    5.17000
    16.1290    5.39777    8.36590E-02    8.46000
    14.2857    5.39835  -0.418150    5.59000
    20.4082    5.40387   0.344730    4.93000
    20.4082    5.40387   0.344177    1.26000
    14.9254    5.41078  -0.333123    13.1300
    25.0000    5.44096   0.195767    7.91000
    22.7273    5.46314    1.30169    6.02000
    12.5000    5.46627  -0.248708    15.2200
    14.7059    5.47216   -8.78770E-02    15.8400
    18.8679    5.47318  -0.773322    5.13000
    18.5185    5.48459    1.51550E-02    7.29000
    22.7273    5.49558  -0.997538    12.1200
    20.8333    5.50161   0.797349    11.7100
    20.0000    5.50459  -0.349995    4.99000
    21.7391    5.51601   -1.28057    3.98000
    21.7391    5.51601   -1.28057    11.8100
    23.2558    5.52474    1.11120E-02    11.5700
    20.0000    5.55361   0.660284    4.93000
    15.1515    5.55863    1.09307    8.10000
    21.2766    5.56226   -1.07436    4.96000
    21.7391    5.56401  -0.760000    5.05000
    24.3902    5.56888  -0.936539    5.16000
    18.5185    5.57135  -0.463499    5.21000
    22.7273    5.57361  -0.894593    9.52000
    13.1579    5.64880   0.684747    1.16000
    22.2222    5.65593  -0.480516    5.01000
    15.1515    5.68153   0.253828    5.10000
    19.2308    5.68552   -1.01092    8.28000
    13.6986    5.69418  -0.829580    4.91000
    21.7391    5.71534   0.735012    6.17000
    21.7391    5.71534   0.735012    10.6100
    14.4928    5.73156  -0.894302    14.1900
    20.8333    5.78101  -0.898171    12.4100
    20.8333    5.78101  -0.898171    12.7100
    21.2766    5.78864    2.82200E-03    13.8600
    21.2766    5.78952    1.37590E-02    4.94000
    21.7391    5.81017  -0.726402    4.54000
    23.8095    5.82392   0.220725    5.17000
    18.8679    5.82450   0.263718    13.4200
    12.1951    5.82501  -0.940175    4.93000
    12.1951    5.82501  -0.940175    9.57000
    20.4082    5.85206   0.562138    1.01000
    17.5439    5.85395   -1.01310    4.10000
    20.8333    5.85729   0.389177    11.0100
    16.9492    5.86369  -0.296646    5.15000
    16.9492    5.86362  -0.296646    5.35000
    24.3902    5.87148   0.209322    8.36000
    23.8095    5.87751  -0.368175    11.4200
    22.7273    5.89322  -0.623108    6.01000
    22.2222    5.89424   0.934357    9.27000
    22.2222    5.89424   0.934386    12.2700
    22.2222    5.90333  -0.957599    5.85000
    22.7273    5.91220   -1.14566    12.2200
    21.2766    5.92114  -0.224215    13.0100
    16.3934    5.92580  -0.562895    6.32000
    15.1515    5.93256  -0.828474    5.08000
    22.7273    5.96609  -0.728700    6.00000
    23.2558    5.97663  -0.578428    6.67000
    23.2558    5.98070  -0.852822    4.20000
    20.8333    5.99168    1.54200E-03    6.42000
    25.0000    5.99823   0.484094    12.3000
    13.6986    5.99954   0.357791    4.82000
    15.8730    6.01154  -0.463877    9.70000
    19.2308    6.02266   0.741557    7.38000
    25.0000    6.03503    1.18935    5.50000
    20.0000    6.03757   0.734111    1.06000
    25.0000    6.05270  -0.752786    7.21000
    25.0000    6.05299  -0.396682    2.69000
    21.2766    6.07909    6.13800E-03    9.16000
    20.4082    6.08244  -0.716628    11.7500
    25.0000    6.08979   -1.02238    5.53000
    23.8095    6.09175  -0.572552    2.53000
    23.2558    6.14760    6.28300E-03    4.67000
    14.4928    6.15291  -0.297141   10.19000
    24.3902    6.15640   0.742954    5.26000
    21.7391    6.16476  -0.824111    6.87000
    22.7273    6.17451   0.806105    2.02000
    22.2222    6.18854   0.350606    9.97000
    24.3902    6.19647  -0.258685    9.06000
    24.3902    6.25995  -0.293126    13.0600
    11.9048    6.28119   0.468037    5.37000
    11.9048    6.28119   0.468037    8.37000
    12.9870    1.22170E-02   -1.18862    7.88000
    10.6383    1.32350E-02   0.794761    8.80000
    14.4928    1.75260E-02   0.501692    5.33000
    15.3846    3.00340E-02  -0.803254    2.94000
    19.6078    8.66840E-02  -0.476560    6.86000
    20.8333    9.54840E-02  -0.476560    6.32000
    24.3902    1.03919E-01  -0.743099   0.440000
    12.8205   0.146898  -0.862217    7.83000
   10.00000   0.160351   0.366197    5.86000
    13.8889   0.166096   0.696761    6.64000
    17.2414   0.178314   0.586020    7.52000
    17.2414   0.179259  -0.318695   0.840000
    23.2558   0.185513    9.07600E-03    6.22000
    12.0482   0.189440  -0.736205    7.48000
    12.0482   0.189440  -0.736205    8.50000
    6.94445   0.199621    4.07000E-04    6.54000
    14.2857   0.212565   0.322390    8.50000
    14.7059   0.214093  -0.404536    8.09000
    12.5000   0.220638  -0.534562    6.67000
    14.2857   0.239109    1.45400E-03    8.63000
    16.6667   0.240709   -1.09112    8.36000
    9.17431   0.259398    1.08341    9.76000
    23.8095   0.259398  -0.177121    8.72000
    22.7273   0.270452  -0.451485    7.96000
    20.8333   0.274088   0.264300    7.09000
    13.8889   0.278088    1.11125    8.27000
    20.8333   0.281796  -0.894622    7.24000
    23.2558   0.283324   0.396100    6.57000
    22.2222   0.288051   0.296414    8.87000
    24.3902   0.290523  -0.544453    7.15000
    8.84956   0.299177   -1.18190    11.4700
    14.7059   0.327611  -0.275062    8.86000
    21.2766   0.330811  -0.844997    11.0600
    21.7391   0.332047    2.21100E-03    6.31000
    23.8095   0.339610    1.33430    5.23000
    20.0000   0.351464  -0.230848    8.79000
    22.7273   0.358518   0.318405    7.32000
    17.5439   0.404478  -0.526505    5.92000
    24.3902   0.413714  -0.517429    6.19000
    6.53595   0.427167  -0.985204    5.99000
    6.53595   0.427167  -0.985204    6.82000
    7.46269   0.435385   0.349529    5.88000
    13.3333   0.437203    1.10967    7.78000
    20.8333   0.453638   0.212289   0.730000
    8.77193   0.454220    1.11014    5.91000
    17.8571   0.459601  -0.471149    7.72000
    18.1818   0.501198   -1.05545    7.30000
    23.2558   0.521269    1.22460E-02    8.77000
    24.3902   0.524251    8.26100E-03    9.96000
    22.7273   0.542576   0.405380   0.220000
    11.2360   0.560320  -0.891306    5.87000
    22.2222   0.574138    1.17710    5.49000
    20.8333   0.581482    6.89400E-03    7.44000
    21.2766   0.588464   0.983197    7.36000
    23.8095   0.607299  -0.543900    6.93000
    25.0000   0.622716   0.497998    7.08000
    25.0000   0.640023  -0.352671    6.80000
    25.0000   0.649768    8.14000E-04    3.28000
    11.3636   0.665258  -0.768144    8.42000
    6.94445   0.669039    1.13450E-02    6.61000
    22.7273   0.672603    6.51600E-03    6.32000
    25.0000   0.696237   0.850931    7.83000
    25.0000   0.697692    2.88000E-03    8.21000
    18.1818   0.700310   0.335421    6.97000
    13.5135   0.712672   0.444039    7.35000
    18.1818   0.713690   0.201904    8.10000
    12.6582   0.720817   0.468822    7.11000
    16.9492   0.732234   0.270699    7.75000
    7.87401   0.742270  -0.226397    6.57000
    20.8333   0.750488  -0.630148    6.62000
    21.2766   0.753469   0.465535    5.96000
    25.0000   0.756814   0.239342    7.41000
    13.1579   0.827064  -0.815268    11.9000
    23.8095   0.838044    1.39920E-02    5.95000
    18.1818   0.840299  -0.464837    7.83000
    19.2308   0.880223  -0.875656    6.93000
    19.2308   0.880150  -0.875714    8.58000
    15.3846   0.883714    9.22100E-03    6.91000
    14.0845   0.897094  -0.348744    7.64000
    15.3846   0.899422   -1.11122    7.15000
    3.31126   0.918766    1.09370E-02    6.13000
    11.2360   0.931274  -0.848022    8.32000
    23.8095   0.945382   0.581395    7.20000
    16.6667   0.962544  -0.429698    8.06000
    9.00901   0.963635    1.62610E-02    3.77000
    20.4082   0.965453   0.800753    6.85000
    19.6078   0.965816   0.431414    7.74000
    22.2222   0.969016   0.205279    7.42000
    15.3846   0.969962  -0.670930    6.05000
    11.4943   0.974325   0.454889    9.27000
    20.4082   0.975488   -1.13382    2.29000
    23.8095   0.975707   0.720643    6.26000
    23.8095   0.975707   0.720643    6.86000
    22.7273   0.995123   0.414572    9.62000
    21.7391    1.00676    1.06505    6.16000
    18.5185    1.01018  -0.649230    11.4600
    20.0000    1.02458    1.32691    6.75000
    9.80392    1.02516   -2.26890E-02    8.10000
    19.2308    1.04668   0.613567    7.10000
    17.8571    1.06632    1.21149    6.84000
    21.2766    1.07054  -0.713661    11.1600
    19.6078    1.09664    1.01927    6.94000
    20.0000    1.09904    1.55920E-02    7.29000
    4.87805    1.10377  -0.134913    5.99000
    13.3333    1.11111  -0.932670    7.06000
    15.6250    1.11533   -1.03710    3.47000
    20.4082    1.12537   0.841564    8.08000
    23.2558    1.18325    4.97400E-03    6.17000
    17.2414    1.18675   0.965424    7.15000
    20.0000    1.19140   0.286407   0.640000
    10.7527    1.19431   0.921529    8.45000
    24.3902    1.20376  -0.251326    1.92000
    20.4082    1.20849    1.36130E-02    7.65000
    12.1951    1.21460   0.363201    7.59000
    22.2222    1.22383   0.481679    6.27000
    21.7391    1.24085  -0.875453    5.89000
    23.8095    1.28085    1.50100E-02    6.92000
    9.17431    1.30172   -1.01403E-01    6.41000
    19.2308    1.31990  -0.740539    8.61000
    22.7273    1.35051    2.88000E-03    6.26000
    13.5135    1.38171   -5.45700E-02    7.10000
    22.2222    1.38229  -0.937702    11.4600
    17.5439    1.39938   0.301562    6.75000
    13.8889    1.42222   -6.15810E-02    6.92000
    18.8679    1.43938   0.512368    9.62000
    21.2766    1.45167  -0.410063    7.15000
    23.8095    1.46345   -1.09670    7.44000
    10.9890    1.47167   0.933106    6.03000
    8.13008    1.49378  -0.391592    6.60000
    14.4928    1.49479   0.650539    6.55000
    21.2766    1.50577   -1.22487    6.45000
    13.5135    1.52963   -1.04719E-01    9.05000
    15.3846    1.53530    3.74080E-02    7.87000
    6.02410    1.53879    2.56000E-03    15.6200
    21.7391    1.54337   -1.10138    2.95000
    20.4082    1.56410  -0.541689    6.30000
    20.4082    1.56410  -0.541689    7.05000
    19.2308    1.58221    1.18656    8.33000
    25.0000    1.58497  -0.965220    11.5100
    15.3846    1.58744   0.271397    5.82000
    25.0000    1.59442   -1.03890    6.46000
    22.7273    1.61406  -0.725384    7.50000
    25.0000    1.61813   -1.13760   10.31000
    12.0482    1.67216   0.327917    6.34000
    17.8571    1.72132  -0.335305    2.69000
    14.2857    1.72750  -0.872573    9.23000
    11.6279    1.73747   0.419051    7.82000
    13.3333    1.77943   0.827922    8.38000
    9.61538    1.78837   -8.92150E-02    6.75000
    13.6986    1.80582   0.538024    9.07000
    19.2308    1.81564  -0.225524   0.770000
    14.7059    1.82902  -0.451631    5.87000
    16.1290    1.83004   -1.06933    5.77000
    18.1818    1.84262  -0.759069    7.36000
    20.0000    1.84313  -0.759883    5.28000
    25.0000    1.85353  -0.829202    9.51000
    19.2308    1.85782  -0.172583   0.710000
    18.5185    1.88800   -1.10418    7.66000
    22.2222    1.89883  -0.242774    10.9700
    12.0482    1.90262  -0.818497    6.28000
    16.3934    1.90734   0.385308    7.16000
    23.8095    1.94523   0.560160    5.85000
    21.7391    1.95607   0.256998    7.27000
    11.7647    1.99614   -6.07080E-02    6.85000
    11.7647    1.99643   -6.07950E-02    8.59000
   10.52632    2.01701   0.491278    1.03000
    21.2766    2.04944  -0.875772    9.16000
    13.6986    2.05250  -0.603503    7.42000
    22.7273    2.07671  -0.444824    6.62000
    15.8730    2.08122   -1.05004    8.83000
    17.8571    2.08333   0.243239    9.04000
    17.5439    2.08675  -0.696237    8.40000
    23.8095    2.10144   0.217001    6.02000
    21.7391    2.11366    9.27900E-03    8.76000
    23.8095    2.13983    9.02000E-04    6.32000
    23.8095    2.14311  -0.704818    7.51000
    21.7391    2.16020   0.537006    7.15000
    23.2558    2.19969   0.507801    7.82000
    20.4082    2.21277    9.94800E-03    11.9500
    11.6279    2.22921  -0.546983    6.04000
    24.3902    2.23466   0.731667    6.86000
    24.3902    2.25321  -0.228288   0.770000
    19.6078    2.25634   0.204319    6.17000
    20.4082    2.27052  -0.746095    6.55000
   10.41667    2.27517  -0.675555    6.46000
    16.3934    2.27713   0.730649    7.53000
    10.9890    2.31575    1.23900    7.84000
    15.1515    2.32469  -0.422455    7.75000
    21.2766    2.33756   0.362038    7.62000
    20.4082    2.37953    1.28482    7.95000
    22.2222    2.39567  -0.787197    8.03000
    22.2222    2.39560  -0.787197    8.57000
    15.6250    2.39792   0.265260    5.54000
    22.2222    2.40825    1.35181    8.32000
    22.2222    2.40978    8.11570E-02    6.47000
    17.2414    2.42134   0.502274    6.04000
    20.8333    2.42992    1.94900E-03    6.31000
    20.8333    2.43588    9.42500E-03    7.52000
    17.2414    2.44825    1.41028    8.12000
    17.2414    2.45036    1.32909    7.85000
    23.8095    2.46236   0.693328    8.00000
    14.0845    2.47232   -4.41860E-02    6.45000
    11.3636    2.47537    1.02508E-01    6.92000
    18.5185    2.48635   0.474960    5.67000
    12.5000    2.48715  -0.191345    7.31000
    19.6078    2.49101  -0.364656    3.53000
    8.19672    2.50330  -0.373906    13.1300
    21.7391    2.50635   0.400173    7.81000
    14.4928    2.53195   0.749295    7.31000
    22.2222    2.56140  -0.914286    6.19000
   10.10101    2.57035  -0.755054    7.62000
    14.7059    2.59245  -0.707698    8.15000
    18.8679    2.61529   0.782282    7.66000
    24.3902    2.64220   0.213656    6.20000
    19.2308    2.64591    1.31568    8.06000
    4.50451    2.65427   0.867569    8.32000
    9.17431    2.68052  -0.204261    11.3900
    19.6078    2.71288  -0.177150    8.50000
    10.7527    2.73681   0.981859    8.53000
    15.3846    2.74124    1.47753    6.26000
    14.9254    2.74212   0.799211    7.97000
    22.7273    2.83905    1.33220    7.90000
    17.8571    2.84247   -1.02252    2.52000
    20.4082    2.90472  -0.488631    7.95000
    24.3902    2.91178  -0.736292    7.79000
    12.3457    2.91614   0.536162    7.92000
    18.5185    2.92625    8.29900E-02   0.740000
    12.6582    2.93192    1.28711    7.21000
    22.7273    2.94392    1.23630E-02    7.92000
   10.10101    2.96355   0.322273    8.08000
   10.10101    2.96355   0.322273    10.7800
    11.1111    2.97788   -1.07116    6.98000
    17.5439    2.98544    5.73340E-02    5.30000
    17.5439    2.98552    5.72170E-02    6.38000
    21.2766    3.00326  -0.992360    6.69000
    9.52381    3.01962  -0.568393    6.09000
    23.8095    3.02457   0.434148    7.44000
    20.4082    3.03729   0.792113    6.83000
    22.7273    3.04362    1.17995   10.45000
    12.3457    3.04827  -0.770239    7.31000
    21.7391    3.05104    7.41800E-03    7.90000
    8.33333    3.05787  -0.899800    11.3000
    18.5185    3.06333   0.545267   0.760000
    18.5185    3.06798    1.26312   0.770000
    17.8571    3.07409  -0.201497   0.770000
    9.80392    3.12172  -0.478567    7.01000
    23.2558    3.17176  -0.202021    7.17000
    20.4082    3.17357  -0.801596    6.89000
    25.0000    3.18463    1.36700E-03    7.91000
    19.6078    3.20019    1.60280E-02    8.00000
    16.3934    3.25328   -1.24296    12.5300
    16.3934    3.25328   -1.24296    14.4300
    23.2558    3.25786  -0.533370    7.24000
    13.1579    3.27531   -1.19511    6.52000
    18.8679    3.27829   0.587475    4.86000
    11.4943    3.31000   0.273259   0.770000
    23.2558    3.31473   0.464750    7.44000
    15.8730    3.32476   0.908177    6.02000
    17.5439    3.33749   0.549601    8.62000
    25.0000    3.35138    1.24721    7.51000
    25.0000    3.36178   0.593409    7.43000
    21.7391    3.37007    1.13400E-03    8.58000
    16.1290    3.38207  -0.247719    8.07000
    15.6250    3.38796  -0.166969    6.59000
    12.6582    3.40097   -3.16480E-02    12.2700
    20.0000    3.41239  -0.910446    7.54000
    20.8333    3.41857   0.868064    7.71000
    19.6078    3.42628   0.605073    7.88000
    21.7391    3.46126  -0.343450    3.53000
    11.4943    3.46606   0.301649    6.22000
    21.2766    3.47493    1.41080E-02    9.18000
    21.7391    3.49558  -0.240505    10.9100
    14.9254    3.49602   0.514782    8.83000
    16.9492    3.50780  -0.419459    7.63000
    16.9492    3.50955  -0.419400    7.56000
    17.5439    3.51151  -0.274277    3.53000
    25.0000    3.53820   0.759680    7.41000
    22.2222    3.54213   0.584362    7.62000
    24.3902    3.54242    1.31356    7.99000
    16.3934    3.54351  -0.141109    8.27000
    23.8095    3.55194    1.30471    8.48000
    12.9870    3.56722    1.64060E-02    9.03000
    21.7391    3.58321   0.689430   0.760000
    11.6279    3.60750   0.475222    6.71000
    11.6279    3.60750   0.475222    7.87000
    12.5000    3.60881  -0.381469    7.68000
    22.7273    3.60910  -0.312180    3.16000
    13.1579    3.61914  -0.884441    6.79000
    22.2222    3.68052  -0.461492    1.53000
    15.6250    3.68146  -0.630497    1.07000
    21.7391    3.70837  -0.471702    3.44000
    10.8696    3.72357   0.339319    0.230000
    22.7273    3.72815   0.900701    6.45000
    9.61538    3.73288   -1.03215    6.75000
    18.8679    3.73935   -8.58700E-02    6.17000
    22.2222    3.74538  -0.700688    7.26000
    13.6986    3.75156   0.521182    7.86000
    22.2222    3.77695    8.70000E-05    7.77000
    21.2766    3.77884  -0.806949   10.36000
    19.2308    3.78822  -0.146985    8.03000
    18.5185    3.79040   0.622585    7.36000
    14.0845    3.80414   0.927172   0.650000
    1.34590    3.82305   -1.05819    5.68000
    19.6078    3.83287   -1.13024    7.01000
    23.8095    3.83287   0.553295   10.12000
    23.2558    3.85236   0.299759    2.77000
    13.8889    3.85737   0.291788    8.55000
    19.2308    3.87425    3.78000E-04    7.68000
    14.4928    3.87825  -0.420506    7.02000
    6.75676    3.87934   0.336963    7.76000
    11.9048    3.88821   0.337778    5.66000
    25.0000    3.88996   0.410994    6.67000
    21.7391    3.89963   0.940320    6.07000
    5.55555    3.90312  -0.369862    7.06000
    17.5439    3.91054  -0.766050    8.94000
    23.2558    3.92326   0.280444   0.730000
    17.2414    3.92566  -0.804563    8.69000
    17.5439    3.93766    1.01927E-01    8.65000
    13.3333    3.94995   0.438424    9.32000
    22.7273    3.95955  -0.281724    7.25000
    22.7273    3.95955  -0.283178    7.65000
    21.2766    3.97162    1.70170E-02    7.46000
    25.0000    3.97678    1.07340E-02    7.84000
    22.7273    3.99518  -0.321459    9.02000
    16.9492    4.01184   -8.02560E-02    8.32000
    24.3902    4.01504    1.05010E-02    6.35000
    16.3934    4.03802  -0.160046    5.76000
    16.3934    4.03823  -0.160220    6.47000
    12.1951    4.07314  -0.658277    13.3700
    23.2558    4.07525  -0.488195    1.75000
    18.8679    4.07605   0.698041    6.24000
    18.8679    4.07649   0.697546    5.42000
    18.8679    4.07649   0.697546    6.32000
    20.8333    4.08979  -0.412885    3.38000
    20.4082    4.10936    1.01520E-02    1.09000
    23.8095    4.12034   0.350518    8.32000
    19.6078    4.13365  -0.882027    9.84000
    16.6667    4.16375  -0.741383    6.94000
    22.7273    4.17364   0.486566    6.24000
    20.4082    4.18157   -1.46776    6.11000
    25.0000    4.19364  -0.380305    6.81000
    21.2766    4.19611  -0.197454    6.38000
    23.8095    4.19960  -0.571156    5.96000
    23.8095    4.19960  -0.571156    9.22000
    17.2414    4.20070  -0.354474    5.92000
    21.7391    4.20608    1.40958    5.91000
    17.5439    4.20928   0.676719    7.38000
    13.1579    4.21357  -0.982935    6.51000
    15.8730    4.22709   0.767068    5.65000
    15.1515    4.23146   -1.00225    6.64000
    19.6078    4.23662   0.238411    6.04000
    16.3934    4.28272  -0.236055    7.33000
    14.7059    4.28600  -0.380800    9.46000
    23.2558    4.29043    1.07558    6.97000
    17.2414    4.30018   0.129503   0.770000
    18.5185    4.30098   -1.37511    2.53000
    17.2414    4.30519   0.323204    5.83000
    17.5439    4.31152  -0.678959    6.03000
    24.3902    4.32134    6.16700E-03    7.36000
    19.2308    4.33079  -0.858494    12.5800
    11.1111    4.33596   -3.87460E-02    5.51000
    17.8571    4.34090   0.544598    8.23000
    19.6078    4.34505    1.32784    8.46000
    23.8095    4.35181    1.06170E-02    6.82000
    9.61538    4.36068   0.553121    5.58000
    20.4082    4.37523    1.19010    6.00000
    9.61538    4.37748   0.586340    8.20000
    23.8095    4.37893  -0.532788    7.82000
    19.6078    4.39312   0.647601    6.95000
    18.5185    4.39348  -0.596987   0.940000
    17.2414    4.39777   0.331378   0.770000
    23.8095    4.42642  -0.975867    1.24000
    13.5135    4.43064  -0.689169    7.68000
    11.6279    4.46126   -8.69750E-02    7.41000
    24.3902    4.46198    1.04108    6.71000
    24.3902    4.46206    1.04114    8.37000
    18.5185    4.47064  -0.727013    6.95000
    20.8333    4.47165    1.54804    6.61000
    15.3846    4.47529   -1.05894    6.47000
    20.4082    4.49042   0.952188   0.730000
    20.4082    4.49056   0.952101   0.780000
    20.4082    4.49500    9.89000E-04    11.2500
    5.29101    4.50409  -0.463033    5.70000
    5.29101    4.50409  -0.463062    6.48000
    5.61798    4.50794  -0.462103    7.59000
    7.14286    4.51841  -0.609757    6.64000
    7.14286    4.51841  -0.609757    7.93000
    16.6667    4.52911  -0.367593    7.89000
    7.57576    4.55209    3.78730E-02    8.13000
    13.3333    4.56030    1.17544    5.81000
    12.3457    4.61114    6.25410E-02    6.06000
    21.2766    4.61215    1.25500    6.98000
    24.3902    4.62401    1.13489    6.46000
    21.2766    4.63012   0.377687    5.86000
    22.7273    4.64808    1.67260E-02    7.14000
    18.8679    4.67470   0.372335   0.710000
    19.2308    4.68429   0.323001   0.780000
    21.2766    4.69047  -0.900905    8.66000
    22.7273    4.69346  -0.526389    7.55000
    25.0000    4.69477    8.02800E-03    7.51000
    20.4082    4.71447   0.459368    5.44000
    5.12820    4.72516    4.38080E-02    5.48000
    5.12820    4.72516    4.38080E-02    7.45000
    18.1818    4.73491   0.278349    6.87000
    19.2308    4.74203   0.921354    11.0800
    10.7527    4.74713   0.671134    6.24000
    13.6986    4.75047  -0.758371    7.71000
    23.2558    4.78225    1.25370E-02    7.43000
    22.2222    4.79003  -0.521007   0.970000
    17.8571    4.79403   -5.08470E-02    1.99000
    20.0000    4.82094  -0.444213    1.31000
    18.5185    4.83134   -3.22880E-02    6.71000
    12.8205    4.83621  -0.330593    6.25000
    25.0000    4.84646    1.62610E-02   10.01000
    13.8889    4.84850   0.388886    8.20000
    22.7273    4.87148   0.743855    6.56000
    20.4082    4.90035   0.764101    6.15000
    16.9492    4.91359   0.186662    6.84000
    17.8571    4.93715  -0.395170   10.04000
    25.0000    4.93969  -0.396799    3.00000
    14.9254    4.94449    7.33330E-02    7.18000
    13.5135    4.94507  -0.978310    8.19000
    13.5135    4.94507  -0.978310    8.95000
    24.3902    4.94704   0.410063    6.16000
    22.7273    4.99082  -0.484239    1.53000
    20.8333    5.00245  -0.258715    11.5100
    18.1818    5.00500   0.593060    8.15000
    20.4082    5.00551  -0.824344    7.81000
    23.8095    5.02863   0.335538    11.1200
    14.2857    5.03110  -0.802382    8.59000
    17.2414    5.06841  -0.386676    9.52000
    17.5439    5.06877   0.578079    5.15000
    23.2558    5.08346   0.861432    6.19000
    20.0000    5.08732   0.217001   0.770000
    22.7273    5.09103  -0.472807    3.67000
    24.3902    5.11226    4.74100E-03    2.50000
    5.68182    5.11582    1.21433    5.92000
    21.2766    5.12266  -0.184160    6.76000
    21.2766    5.12266  -0.184160    8.66000
    20.0000    5.15160    1.33174    6.57000
    23.2558    5.16462   0.584420    5.85000
    20.4082    5.16862   0.586660    7.01000
    13.6986    5.19800  -0.420040    5.50000
    24.3902    5.20345    1.62900E-02    7.86000
    21.2766    5.21509   0.518098    6.28000
    20.8333    5.23087  -0.875918    6.74000
    14.0845    5.23720    5.55590E-02    6.72000
    19.6078    5.24374   0.405118    5.81000
    21.2766    5.26563  -0.251908    8.16000
    5.64972    5.27050  -0.632300    6.55000
    8.33333    5.28905  -0.474436    6.13000
    15.8730    5.30628  -0.813057    7.72000
    20.4082    5.31726    1.02970E-02    11.5500
    25.0000    5.33915  -0.655659    4.25000
    18.1818    5.36490   0.586515    7.93000
    22.2222    5.38460  -0.828445    1.37000
    16.1290    5.39777    8.36590E-02    6.86000
    22.7273    5.40198    1.31626    5.42000
    11.9048    5.40446  -0.922634    8.45000
    24.3902    5.40504  -0.392581    7.16000
    21.7391    5.42874   0.589598   0.770000
    13.6986    5.42911    1.07587    2.75000
    25.0000    5.44096   0.195767    7.32000
    22.7273    5.48721  -0.736932   10.52000
    20.8333    5.50161   0.797349    6.09000
    20.0000    5.51019   0.120020    6.77000
    14.7059    5.51696  -0.246497    6.26000
    3.37838    5.51812   0.671948    7.58000
    3.37838    5.51812   0.671948    8.39000
    23.2558    5.52474    1.11120E-02    7.62000
    25.0000    5.52837   0.819515    8.11000
    24.3902    5.53514    1.40652    9.86000
    14.7059    5.55921   0.160308   0.710000
    21.7391    5.56524    8.14000E-04    6.54000
    18.5185    5.57135  -0.463499    8.16000
    20.4082    5.57375  -0.350024    7.61000
    21.2766    5.59942  -0.983401    7.00000
    14.7059    5.60139  -0.785888    6.64000
    19.6078    5.61011   0.181368    7.44000
    13.5135    5.64291  -0.891306    6.49000
    19.6078    5.65484   -1.35460    2.29000
    19.2308    5.66807  -0.721690    7.40000
    19.6078    5.68320   0.721981    8.17000
    19.2308    5.68552   -1.01092    7.33000
    23.2558    5.69374  -0.706564    6.80000
    22.2222    5.70138    8.55200E-03    6.92000
    23.2558    5.70327  -0.207955    9.07000
    24.3902    5.71010    1.30489    6.96000
    20.8333    5.71192    1.07340E-02    6.99000
    23.2558    5.72705   0.560160    5.95000
    12.6582    5.74181   -1.04702    9.19000
    3.43643    5.75759  -0.994716    7.01000
    9.52381    5.75803    2.02750E-02    9.28000
    18.1818    5.77541  -0.796448    7.13000
    20.8333    5.78101  -0.898171    9.91000
    20.0000    5.79890   0.628548    5.69000
    23.8095    5.81082    1.69300E-02   10.12000
    20.8333    5.81286   0.992593    8.01000
    21.2766    5.82559    1.18839    7.36000
    17.5439    5.84777   -1.00315    9.51000
    20.8333    5.85729   0.389177    7.23000
    25.0000    5.86464    2.41400E-03    9.71000
    24.3902    5.87148   0.209322    5.14000
    17.5439    5.87417    9.71850E-02    12.9700
    13.1579    5.87482  -0.528192    7.08000
    11.4943    5.91205   -1.14557    12.6000
    21.2766    5.92063  -0.224681    6.16000
    21.2766    5.92063  -0.224681    6.91000
    14.2857    5.92500  -0.522462    7.05000
    23.2558    5.92667   0.746183   0.800000
    21.2766    5.95234   0.871729    6.36000
    21.7391    5.95489   0.316252    7.31000
    23.2558    5.97307   0.239138    6.49000
    8.19672    5.98732   -1.32141    12.1300
    7.81250    5.99350  -0.555535    7.03000
    17.2414    6.01808   -7.18200E-02    6.22000
    14.4928    6.05422  -0.457332    11.5900
    6.80272    6.06877   0.992942    6.41000
    21.2766    6.07924    6.28300E-03    2.58000
    21.2766    6.07909    6.13800E-03    7.54000
    16.1290    6.08615  -0.741150    9.26000
    24.3902    6.09757   0.499074    6.92000
    18.1818    6.10506   0.764799    6.06000
    16.6667    6.11058  -0.192741    6.69000
    25.0000    6.12360   0.504805    8.91000
    20.4082    6.13836  -0.825711    8.61000
    11.4943    6.15312  -0.298770    8.30000
    9.70874    6.18142   -1.27388    7.16000
    23.2558    6.18374  -0.576247    5.35000
    15.3846    6.18403    1.35006    2.27000
    22.2222    6.18854   0.350606    6.97000
    23.2558    6.22134  -0.231517    7.83000
    21.2766    6.22621   0.617640    7.72000
    20.4082    6.23043   0.524905    7.79000
    10.7527    6.23930    1.31361    6.24000
    22.2222    6.23981    4.74100E-03    8.17000
    24.3902    6.28039   0.449129    9.06000
    4.44445    1.07630E-02  -0.656298   10.34000
    10.6383    1.10540E-02   0.794295    9.76000
    10.6383    1.32350E-02   0.794731    8.84000
    17.8571    2.82890E-02  -0.478247    11.3400
    16.9492    4.58150E-02    1.20491    11.4500
    11.3636    5.75960E-02   0.231662    13.5200
    15.8730    6.29770E-02   0.709822    8.00000
    3.54610    6.77040E-02   0.763403   10.33000
    3.54610    6.79220E-02   0.763490    13.2900
    18.1818    6.85040E-02    1.61440E-02    9.10000
    21.7391    8.23210E-02  -0.803080    8.51000
    16.6667    1.04719E-01    1.21943    9.09000
   10.41667   0.127990    1.16872   10.25000
   10.41667   0.127990    1.16872    12.2100
    17.2414   0.132499   0.728235    9.82000
    12.5000   0.158024   0.529559   10.54000
    19.6078   0.163915  -0.777104    11.3400
    24.3902   0.166896    8.81400E-03    8.08000
    21.2766   0.174896   0.615633    8.74000
    17.5439   0.183768  -0.335509    9.38000
    5.81395   0.200930    1.00446    8.69000
    15.6250   0.211111    1.01272   10.53000
    14.0845   0.244199  -0.490813    11.7600
    12.5000   0.254017    1.06654   10.22000
    8.77193   0.256562    1.24645   10.34000
    9.00901   0.262380    1.08379    13.8900
    23.2558   0.283324   0.396100    12.1700
    20.0000   0.283396   0.592274    13.1900
    22.2222   0.291977   0.617087   0.320000
    22.7273   0.322448   0.437552    8.30000
    20.0000   0.330665  -0.229248    10.6900
    21.7391   0.332047    2.35600E-03    9.04000
    24.3902   0.334738    1.39436    7.72000
    15.3846   0.345864  -0.731493    9.26000
    11.4943   0.415023   0.994512    10.9000
    2.72480   0.420695  -0.317852    15.3200
    2.72480   0.420695  -0.317881    15.8200
    15.1515   0.425931  -0.816141   10.00000
    8.77193   0.439675    1.42500E-03    11.2300
    15.8730   0.446438   0.281055    15.0000
    11.3636   0.476981  -0.192741    10.9200
    12.0482   0.481781  -0.395868    8.30000
    12.1951   0.505779    1.01720    11.6700
    4.69484   0.512542   0.224012    13.9200
    23.2558   0.521269    1.23050E-02   10.57000
    8.77193   0.535013  -0.311569   10.46000
    18.5185   0.537195  -0.493867    11.4300
    15.8730   0.540104   0.784580   10.10000
    15.1515   0.549485   -1.16608    12.6000
    21.7391   0.554648   0.614353    13.7100
   10.00000   0.566575    6.40000E-03   10.03000
    20.8333   0.569192  -0.312820   10.31000
    9.00901   0.574501  -0.563157   10.43000
    21.7391   0.589046   0.768639    11.5100
    13.5135   0.592682  -0.946400    11.9500
    17.8571   0.593409   0.613073    13.2400
   10.52632   0.606281   0.831674    9.30000
    15.6250   0.633333    3.57800E-03    7.72000
    14.7059   0.644678   0.997567    14.1600
    15.3846   0.651441  -0.818671    11.2600
    7.51880   0.657695   0.431385    15.2200
    17.8571   0.667876   0.349151    11.4400
    6.94445   0.669839    1.10830E-02    12.4400
    20.8333   0.689910    1.71330E-02    7.90000
    12.6582   0.701473   0.855527    9.39000
    8.00000   0.703800   0.441857    11.0600
    25.0000   0.722853  -0.208857    8.61000
    15.1515   0.737252   0.596870    8.70000
    12.1951   0.747142   -1.11511    11.9700
    20.8333   0.750488  -0.630148    10.9100
    21.2766   0.753469   0.465535    8.16000
    21.2766   0.753251   0.465506    12.2200
    16.6667   0.754124   0.964144    9.29000
    16.6667   0.754124   0.964231    10.7900
    17.8571   0.762341   0.184946    10.7400
    15.6250   0.786267  -0.319714    12.8300
    19.6078   0.799575    1.32406    8.30000
    15.8730   0.802120    1.37010E-02    8.09000
    13.3333   0.812228   0.794964    9.48000
    18.1818   0.831136   0.325619    13.0200
    13.1579   0.831209  -0.668225    11.4000
    23.8095   0.833172   0.910475    8.22000
    22.2222   0.838990    1.01208    9.77000
    22.2222   0.839063    1.01208    9.87000
    10.9890   0.846189    1.39244    11.1000
    14.9254   0.850262   0.664589    9.39000
    20.4082   0.863933    1.49520E-02    14.6500
    17.8571   0.877678   0.412070   0.910000
    18.1818   0.902985  -0.206733    8.80000
    17.5439   0.909748   -1.10153    9.48000
    11.9048   0.921893  -0.783154    12.5200
    18.5185   0.953672    7.94100E-03   0.830000
    19.2308   0.964435   0.288298    8.58000
    19.2308   0.963926   0.288210    9.28000
    19.2308   0.973307    1.19581    7.84000
    19.2308   0.973307    1.19581    9.18000
    23.8095   0.989378   0.755607    11.5400
    20.0000   0.983415    1.11990E-02    8.99000
    13.1579    1.01294  -0.121823    8.44000
    18.5185    1.01628   0.932379    9.52000
    9.80392    1.02516   -2.26890E-02    11.5200
    18.8679    1.03330   0.452940    12.6200
    19.2308    1.06632  -0.366081    8.23000
    13.6986    1.07068   0.584740    9.52000
    25.0000    1.08006    1.22364    8.01000
    15.3846    1.08181  -0.933950    11.3600
    15.1515    1.08712   0.916235    12.3000
    15.8730    1.08843   0.879699    14.5000
    4.87805    1.10421  -0.135000    12.7200
    25.0000    1.11395  -0.714301    9.61000
    12.8205    1.16078   0.380683    7.73000
   10.10101    1.16493   0.693765    13.6800
    20.0000    1.19140   0.286407    11.6900
    10.6383    1.20143  -0.191985    10.6700
    22.7273    1.21358    5.12000E-03    9.22000
   10.30928    1.22158   0.329545    9.87000
    12.8205    1.26274   0.111642    11.4600
    12.0482    1.27227  -0.311452    12.1000
    12.5000    1.28717   0.868733    9.30000
    20.8333    1.28819   -1.06869    11.9100
    14.7059    1.29583    2.98450E-02    8.76000
    15.6250    1.30586   0.926416    8.96000
    7.63359    1.31044  -0.372160    8.88000
    17.2414    1.31444  -0.407038    8.02000
    19.6078    1.31481  -0.980201    10.9400
    10.9890    1.33670  -0.317910    11.9000
    3.90625    1.35124  -0.785365    10.8900
    14.2857    1.35146   0.342170   10.53000
    13.5135    1.36877   0.799211    9.51000
    13.5135    1.36877   0.799211    13.0500
    14.4928    1.38171  -0.374284    8.79000
    13.5135    1.38171   -5.45700E-02    13.0500
    8.69565    1.41924   0.167813    12.8000
    18.5185    1.42847    8.26100E-03    12.2600
    5.88235    1.43516   -6.43150E-02    9.12000
    14.2857    1.43771   0.170838    10.7300
    14.9254    1.44491    1.59410E-02    10.8300
    12.1951    1.45618   0.197192    8.39000
    8.54701    1.47240   0.933252   10.12000
    22.7273    1.47974   0.267412    8.52000
    6.02410    1.48018   0.217961    12.7000
    12.6582    1.48832    1.08608    8.51000
    10.6383    1.50919  -0.634308    11.4700
    16.1290    1.52788   0.423356    11.1600
    19.6078    1.53668    7.06900E-03    9.17000
    9.70874    1.56941    1.43346   10.56000
    20.4082    1.57421   0.456518    13.5500
    23.8095    1.59675   0.463673    13.0200
    9.61538    1.60635   0.180524   10.50000
    5.74713    1.60773  -0.381236    9.34000
    23.2558    1.64082  -0.241698    8.11000
    14.4928    1.64460    1.09660E-02    13.1900
    8.54701    1.66533   0.409976    13.6400
    22.7273    1.68060  -0.450671    11.2200
    3.96825    1.68794   -4.83450E-02    13.0800
    20.0000    1.69412   0.915391   0.820000
    14.7059    1.70220  -0.471091    11.8600
    13.8889    1.71529   -1.02098    12.1900
    9.61538    1.72052   0.307234    9.72000
    24.3902    1.74030    1.25587   10.46000
    11.9048    1.76910    1.05397   0.820000
    9.61538    1.78837   -8.95060E-02   10.20000
    5.95238    1.79586   0.581861    11.0300
    14.7059    1.79841   0.213424    9.66000
    8.69565    1.81666  -0.771810    11.1200
    8.69565    1.81666  -0.771810    12.0000
    17.5439    1.82873    1.19313    11.5800
    16.6667    1.84102  -0.181891   10.29000
    16.6667    1.84386   0.480807    9.11000
    18.1818    1.85237    6.16100E-02   0.870000
    5.91716    1.86160   0.674130    12.5900
    21.7391    1.89033   0.475338    8.81000
    19.6078    1.90349   0.574705    8.57000
    14.0845    1.91818   0.806134   0.980000
    3.70370    1.94043    9.38690E-02    11.9800
    18.8679    1.94981    1.19953    9.41000
    11.3636    1.95767   0.634075   10.33000
    11.3636    1.95767   0.634249    11.4700
    20.8333    1.96327    1.10045    9.21000
    14.7059    1.96974   0.558153    8.24000
    24.3902    1.98450   0.495613    13.6600
    23.8095    1.98988   0.337545    8.32000
    12.9870    1.99316    4.02010E-02   0.910000
    7.04225    1.99854  -0.301766    18.3600
    5.98802    2.01613    6.42280E-02    12.3100
    20.0000    2.01766    3.94730E-02   0.870000
    24.3902    2.02770  -0.240941    11.0600
    13.5135    2.03003   0.357936    10.7500
    25.0000    2.10522   0.597307    8.41000
    20.0000    2.13082  -0.238265    9.99000
    6.62252    2.13445   0.156962    13.6600
    5.84795    2.14013  -0.373353    14.9600
    17.5439    2.14165  -0.240127    8.15000
    19.6078    2.18412   0.384232    8.08000
    19.2308    2.19947   0.386094   0.900000
    19.6078    2.20456   0.614120   10.04000
    21.7391    2.20630    1.08041    8.31000
    18.5185    2.22725  -0.873038   10.16000
    12.8205    2.23365    1.17754    8.76000
    7.19424    2.24579   0.324339    19.3200
    19.2308    2.25815  -0.109897   0.840000
    8.62069    2.26375  -0.406456    13.5200
    20.8333    2.26877   0.779751    13.8100
    15.6250    2.26906   0.170081    8.68000
    15.6250    2.26957   0.170023    10.8600
    20.4082    2.27052  -0.746095    13.0500
    13.1579    2.30193    1.15747   0.870000
    11.9048    2.30397   0.140527   0.870000
    13.5135    2.31124   0.497562    12.5000
    10.9890    2.31582    1.23900    8.70000
    12.1951    2.31997  -0.225612    11.9700
    15.6250    2.32367    3.05720E-02    8.93000
    15.1515    2.33786   0.841942   10.50000
    19.2308    2.34491   0.279862    8.48000
    13.5135    2.34687  -0.824664    13.7500
    17.8571    2.34825    7.76700E-03    11.1200
    17.8571    2.34840    7.70800E-03    11.4400
    11.9048    2.37509  -0.150243    9.13000
    15.8730    2.38447   0.576508    9.00000
    20.0000    2.39189   0.817217    9.39000
    6.02410    2.40411   0.923303    8.72000
    6.02410    2.40425   0.923332    8.82000
    9.61538    2.44519   -1.04841    11.3900
    16.3934    2.45574   0.329720    13.2300
    18.8679    2.47137  -0.157893   0.910000
    15.6250    2.47145  -0.124645    10.6300
    23.8095    2.47443    2.70500E-03    8.12000
    20.0000    2.47850   0.474436   0.910000
    20.0000    2.48155   0.358023    11.5900
    9.09091    2.48221  -0.231575   10.27000
    9.09091    2.48221  -0.231575    11.0100
    15.1515    2.48228   0.637885    9.33000
    25.0000    2.50090   0.659091    8.71000
   10.41667    2.52119  -0.712876    11.9100
    10.8696    2.52279   0.388508    15.5200
    12.8205    2.52359    1.22635   10.06000
    13.1579    2.52417   0.234571    9.80000
    10.9890    2.52482    1.22646    11.1000
    14.0845    2.52613   0.981219    13.4600
    16.3934    2.53813    1.33148    9.73000
    9.17431    2.54213  -0.794761    10.7900
    12.3457    2.56853  -0.210747    9.54000
    22.7273    2.57267    6.03300E-02    7.11000
    13.1579    2.57733   -6.01840E-02   0.980000
    12.0482    2.58518    1.10013    8.58000
    13.3333    2.60300  -0.805960    10.9800
    21.7391    2.60751   0.480079    9.21000
    13.5135    2.61369  -0.526359   10.05000
    17.5439    2.61463   0.843891    8.85000
    23.8095    2.62394   0.332338    8.32000
    21.2766    2.63703    3.66500E-03    8.31000
    23.8095    2.63900  -0.245421    8.32000
    8.62069    2.65950   -4.23820E-02    11.1200
    9.52381    2.66059   -6.09990E-02   0.940000
    14.0845    2.66067  -0.320615    9.16000
    20.4082    2.66474   0.920860    7.98000
    23.8095    2.67070   0.694114    8.28000
    23.8095    2.67114   0.694405    8.72000
    16.6667    2.68125   0.407678   10.29000
    4.85437    2.69172   0.351187    11.0000
    16.3934    2.70794   -1.04577   10.53000
    16.3934    2.70794   -1.04577    12.4300
    14.4928    2.71717  -0.174125    9.29000
    7.69231    2.73310    1.93150E-02   10.20000
    20.8333    2.74233    1.00129    8.31000
    13.6986    2.76415    9.38980E-02    11.9300
    9.70874    2.78029  -0.116267    12.7600
    12.1951    2.80342   0.676719    8.83000
    10.6383    2.80698  -0.328847   10.57000
    7.04225    2.82880   0.123656    12.4200
    11.7647    2.83396   0.248912    13.5500
    15.8730    2.84880   0.982499    11.3000
    2.33100    2.85396   0.127699    16.6900
    24.3902    2.85505    1.21934    8.37000
    20.8333    2.86000   0.847527    8.92000
    6.62252    2.86851   0.403256    10.9300
    21.7391    2.87818   0.293039    9.61000
    21.7391    2.87818   0.293039    9.81000
    11.3636    2.87956   0.388101    9.24000
    2.52525    2.88247   0.633638   10.48000
    5.20833    2.89287   0.764159   10.18000
    5.20833    2.89301   0.764072    15.9500
    19.6078    2.90545   0.280008   0.830000
    23.8095    2.91083   0.276110    8.72000
    9.90099    2.91083  -0.424491    11.8200
    12.3457    2.91614   0.536162    9.54000
    15.6250    2.91723   0.762647   10.53000
    15.6250    2.91723   0.762618    10.6300
    19.6078    2.91781  -0.186517    7.78000
    18.5185    2.91912  -0.256766    7.69000
    16.1290    2.93577  -0.311743    8.92000
    16.1290    2.93585  -0.311714    9.01000
    16.1290    2.93548  -0.311423    1.40000
    25.0000    2.93999   0.466000    8.53000
    25.0000    2.94065  -0.251617    8.01000
    12.9870    2.94108  -0.999923    12.2300
    8.40336    2.95606    1.15395    9.70000
   10.00000    2.96246  -0.352176    8.70000
    23.8095    2.97104    6.34100E-03    8.32000
    11.1111    2.97788   -1.07116    8.37000
    20.4082    2.99075    1.56210E-02    11.4500
    22.2222    3.00602   0.711683    8.13000
    17.2414    3.00690   0.400406    9.32000
    11.7647    3.00799  -0.711596    12.5500
    10.9890    3.02362  -0.562895    9.59000
    21.7391    3.03053   0.832954    8.43000
    21.7391    3.03053   0.832954    8.71000
    8.84956    3.05220   0.471149    10.9500
    12.0482    3.07235  -0.239574    13.0000
    20.8333    3.07344   0.894593    8.03000
    5.12820    3.07424    1.37813    12.3500
    3.32226    3.07678    1.91990E-02    13.4900
   10.41667    3.09162   0.620403   0.970000
    12.0482    3.10107  -0.123714    11.6000
   10.52632    3.10471   0.176190    14.0900
    21.7391    3.10827   0.506492    8.51000
    25.0000    3.10929    4.39200E-03    10.9100
    25.0000    3.11350    1.53300E-02    8.71000
    20.8333    3.13540    7.94100E-03   10.21000
    16.9492    3.14070   0.503816    13.9500
    22.7273    3.15590  -0.324484    8.42000
    15.6250    3.16717    3.54900E-03   10.33000
    20.4082    3.17379  -0.801335    12.6500
    22.7273    3.17459    1.23050E-02    9.82000
    23.2558    3.17786   0.720614    8.70000
    16.9492    3.18346    1.03332   0.890000
    13.1579    3.18448   0.955766    9.26000
    23.8095    3.18877   0.296326    11.4200
    21.7391    3.19692   0.855410    8.71000
    25.0000    3.20215    1.05397    8.31000
    22.7273    3.20637   -1.18129    2.31000
    20.0000    3.20855   0.818584    9.49000
    19.6078    3.21546   0.500180    9.16000
    16.6667    3.21953    1.50390E-02   0.910000
    14.2857    3.22630   0.740336    8.71000
    14.2857    3.23212    1.12230    10.6300
    20.0000    3.23473   0.224448    8.89000
    9.09091    3.23851  -0.312994    11.9100
    18.1818    3.24382   0.145560    8.60000
    12.3457    3.25466  -0.314478   0.870000
    12.8205    3.25706   0.151930    11.4600
    14.4928    3.26709   0.158708    8.97000
    21.7391    3.26869   0.505997    8.51000
    4.32900    3.27618   0.162227    14.2800
    4.32900    3.27618   0.162227    15.2200
    14.2857    3.28338   0.176423   10.53000
    25.0000    3.28498   0.599663    8.31000
    25.0000    3.54678    3.20000E-03    8.51000
    13.1579    3.28666  -0.796797    12.1000
    18.1818    3.28884   -1.33828    11.5000
    8.26446    3.29509  -0.902796    11.0600
    15.3846    3.30047   0.209002   10.36000
    20.8333    3.30753  -0.755869    10.8100
    9.00901    3.34003   0.175085    11.6300
    8.62069    3.34694    1.15860    11.1200
    10.9890    3.35174    8.55200E-03    8.29000
    17.5439    3.38294   0.619530   0.940000
    17.5439    3.38294   0.619530    1.19000
    18.5185    3.39356   -4.24990E-02    8.47000
    13.6986    3.39603   0.220696    9.11000
    18.1818    3.41508   0.980346    9.10000
    16.9492    3.42003   0.366430    8.28000
    21.7391    3.42061   0.399387    3.92000
    22.7273    3.42992   0.300922    9.42000
    24.3902    3.44221    1.50970E-02   10.39000
    11.4943    3.46606   0.301649    9.30000
    22.7273    3.46933   0.360932    8.72000
    22.7273    3.47181   0.638176    8.72000
   10.10101    3.47857   0.617552    9.50000
   10.10101    3.47857   0.617552    12.0700
    20.0000    3.47915   0.586602    9.09000
    11.9048    3.48017   0.838452    8.16000
    19.2308    3.48468   0.602921    9.29000
    14.9254    3.49602   0.514782    8.03000
    17.5439    3.50402  -0.490668    11.1800
    24.3902    3.51318  -0.489155    9.36000
    11.9048    3.51580   -3.65350E-02    10.8600
    11.9048    3.51580   -3.65350E-02    13.8200
    17.5439    3.52060   0.204464    12.2800
    7.63359    3.52315   0.185877    9.63000
    21.2766    3.52337    7.73800E-03    12.7000
    20.0000    3.53289   0.547856    8.69000
    15.1515    3.53558   0.297926   10.49000
    15.1515    3.53558   0.297926    10.6000
    9.70874    3.55703   0.627850    9.12000
    16.9492    3.55965   0.844648   0.860000
   10.00000    3.56627   0.810439   10.00000
    13.1579    3.57522    2.24000E-03    9.17000
    19.6078    3.58881    6.42900E-03    8.74000
   10.30928    3.58947   0.315234    9.61000
    4.87805    3.59187   0.264620   10.02000
    17.5439    3.59921   0.309009    9.38000
    13.1579    3.62161   0.876122    8.30000
    14.2857    3.62605   0.230324    9.04000
    21.2766    3.62765    1.14961    9.76000
    18.8679    3.63907    1.38046    9.22000
    16.3934    3.65208   0.403373   0.800000
    25.0000    3.65812   0.320033    8.11000
    10.8696    3.65870   -4.22660E-02    9.62000
    22.2222    3.66328   0.274626    9.67000
    11.9048    3.66750   0.812999    8.77000
    11.9048    3.66750   0.812999    9.62000
    20.4082    3.69382  -0.535668    11.1500
    14.0845    3.70531    1.41092    9.56000
    22.7273    3.71266    1.26830E-02    8.72000
    21.7391    3.73273   0.797175    8.31000
    21.7391    3.73644    6.42900E-03    7.43000
    13.3333    3.73760  -0.123278    13.8800
    18.8679    3.73935   -8.58700E-02    13.1200
    10.8696    3.74146  -0.163711    12.8200
    15.3846    3.76727   0.416375    8.77000
    15.3846    3.76749   0.416433    9.03000
    14.7059    3.76771   0.908992    10.9600
    20.0000    3.77651   0.419982    9.40000
    1.31406    3.78000   -1.09027    15.1100
    13.6986    3.78378   0.274655   10.00000
    18.5185    3.78516  -0.940320    11.7600
    12.0482    3.78880  -0.210660    13.0000
    22.7273    3.79520   0.201934    7.91000
    23.8095    3.80000    1.23630E-02    10.6200
    6.25000    3.80298  -0.214849    12.3800
    19.6078    3.80880   0.592740    8.11000
    22.7273    3.84087   0.343683    7.34000
    22.7273    3.84036   0.344148    8.31000
    25.0000    3.84639    1.15619    9.11000
    16.1290    3.85883  -0.218660    12.4600
    22.2222    3.86894  -0.451980    11.3700
    22.2222    3.86894  -0.451980    11.4700
   10.41667    3.89068   0.414659    11.5100
   10.41667    3.89068   0.414659    12.1100
   10.41667    3.89265   0.284574   10.11000
    20.8333    3.90043   0.313256    9.31000
    5.55555    3.90304  -0.369804    9.30000
    15.1515    3.90726   0.551637   10.22000
    23.8095    3.90966   0.979241    8.32000
    19.6078    3.91832  -0.190793    8.03000
    14.4928    3.92326   0.796186    8.32000
    16.1290    3.93192  -0.437843    2.23000
    23.8095    3.98478    1.38750E-02    8.72000
    6.53595    4.00042  -0.131597    11.5000
    22.7273    4.01264   0.369222    8.72000
    10.9890    4.02114   0.308224    14.8000
    5.91716    4.05336  -0.717210    11.2400
    22.7273    4.05860   0.824286    8.62000
    21.7391    4.06681   0.664647    9.41000
    10.7527    4.07154   0.312092    11.8400
    10.7527    4.07154   0.312092    15.0400
    11.1111    4.07627  -0.243705    13.5700
    9.00901    4.09859  -0.337021    11.9300
    15.3846    4.11132    1.32924    10.6600
    20.0000    4.17531    1.03690    9.09000
    17.2414    4.17648  -0.141604    9.02000
    20.4082    4.18157   -1.46776    9.45000
    15.8730    4.18768   0.529123    13.1000
    21.7391    4.18826    1.07861   0.830000
   10.10101    4.19190   0.362067    14.1800
    25.0000    4.19364  -0.380305    9.81000
    21.7391    4.20971   0.606761    8.76000
    20.8333    4.25851   0.966849    8.37000
    11.2360    4.26127    1.17562    8.37000
    11.2360    4.26142    1.17594   10.47000
    7.63359    4.26200  -0.653157    12.5900
    7.63359    4.26200  -0.653157    16.5900
    20.4082    4.26644    2.58900E-03    9.11000
    21.7391    4.26658   0.905356    8.51000
    20.4082    4.27174  -0.847033   10.25000
    15.6250    4.27254   0.716919   0.800000
    22.7273    4.27654  -0.429087    9.42000
    18.8679    4.27931  -0.813465    12.5200
    7.24638    4.28760   0.846015    10.9700
    14.4928    4.29451   0.949774    9.59000
    4.01606    4.30883  -0.218834    12.1000
    20.8333    4.32047  -0.217874    9.31000
    19.2308    4.33399   0.583024   0.960000
    17.5439    4.35428  -0.765905    9.58000
    14.7059    4.37421   -1.27199    12.1600
    17.2414    4.41522   0.209264   10.02000
    5.91716    4.41893  -0.143669    12.8400
    6.41026    4.41915  -0.143902    9.98000
    6.41026    4.41915  -0.143902    10.7700
    17.2414    4.42177  -0.645390    12.3200
    20.0000    4.43079   0.233291    9.09000
    11.7647    4.43362   0.450758    9.37000
    9.90099    4.46198   -8.74700E-02   10.09000
    9.80392    4.47246   0.377338    11.6400
    6.53595    4.49711   0.798426   10.32000
    6.53595    4.49711   0.798426    11.2200
    7.63359    4.51711  -0.813057    9.28000
    7.14286    4.51856  -0.609844    10.9300
    17.2414    4.52220  -0.193207    9.12000
   10.52632    4.52867   0.463324    11.2500
   10.52632    4.52867   0.463324    12.8100
    12.1951    4.53027   0.729107    11.0700
    20.4082    4.53979  -0.562284    11.2500
    4.62963    4.55914  -0.817566    11.0300
    11.7647    4.56510  -0.900527   10.15000
    18.1818    4.57012   0.513706    7.71000
    9.61538    4.57237    1.02970E-02    9.41000
    12.0482    4.58757  -0.849185   10.10000
    4.69484    4.59659  -0.772770    12.8400
    15.1515    4.60096    1.08059    7.16000
    14.2857    4.60343    1.07718    9.18000
    16.6667    4.60415   0.487352    8.09000
    16.6667    4.60481   0.486944    10.7400
    7.93651    4.60612   0.324746   10.12000
    17.5439    4.60648   0.401162    8.82000
    4.67290    4.61070    1.19354    10.8000
    16.6667    4.62212    1.24534    8.09000
    24.3902    4.62670  -0.322797    11.5600
    5.88235    4.63557  -0.999748    14.0500
    9.70874    4.63564   0.757585   10.56000
    23.8095    4.64335   0.818090    8.32000
    7.81250    4.64459   0.484239   10.32000
    7.81250    4.64459   0.484239    11.2400
    12.9870    4.65949  -0.105330    9.53000
    19.2308    4.68153    1.32940E-02    8.61000
    1.82482    4.69222    7.94990E-02    13.2300
    7.24638    4.72313   -5.29120E-02   10.08000
    16.1290    4.76960   0.322564    8.66000
    15.8730    4.77236   0.242629    9.20000
    17.2414    4.77258    8.87200E-03    11.3300
    22.7273    4.77454  -0.641900    1.34000
    14.4928    4.77818   0.794702   0.930000
    14.7059    4.78763   -3.42370E-02    8.56000
    15.6250    4.79847   0.109810    12.8300
    18.5185    4.84632  -0.203708    8.67000
    15.6250    4.85526   0.902040    7.33000
    12.1951    4.85999   0.797553    9.39000
    15.1515    4.87613  -0.183346   10.50000
    18.1818    4.87875  -0.234193   10.00000
    3.52113    4.89657    1.03943    11.1700
    3.52113    4.89664    1.03934    11.9600
    13.3333    4.90799   -6.44310E-02   0.820000
    16.3934    4.91599   0.303453    8.13000
    2.89855    4.91635  -0.416986    13.2900
    15.1515    4.91969    5.29700E-02    9.82000
    12.6582    4.92893   0.288501    9.59000
    18.5185    4.94166   0.190414    8.08000
    10.8696    4.94384   0.145531    9.89000
    12.0482    4.95380  -0.843629    12.4000
    11.7647    4.95482    1.02218E-01    8.88000
    14.0845    4.97627  -0.237974    13.8600
    8.40336    4.99583   0.363259    11.1500
    8.40336    4.99642   0.363056    11.1400
    8.19672    4.99925   0.566356    12.2300
    8.19672    4.99925   0.566356    12.5300
    18.5185    5.01052  -0.976565    12.2600
   10.20408    5.01619    4.90140E-02    11.1600
    22.7273    5.03190   0.432927    8.42000
    5.81395    5.03736    8.89530E-02   10.30000
    5.81395    5.03757    8.86330E-02    18.6600
    5.71429    5.04885  -0.796070    14.9200
    9.61538    5.05219    1.32640E-02    12.2100
    18.1818    5.06063   0.498580   10.20000
    20.8333    5.10535    8.20300E-03    8.81000
    17.2414    5.10593   -1.09868    12.6200
    12.8205    5.11444    7.79870E-02    8.82000
    25.0000    5.15320    1.69010E-02    8.01000
    9.90099    5.16491   0.471585    12.7200
    12.9870    5.16804   0.556728    9.71000
    12.9870    5.16804   0.556728    10.7300
    21.2766    5.18636   0.179564    11.4600
    14.2857    5.20476   0.109606    10.6300
    21.7391    5.21196   0.892469    10.6100
    16.6667    5.21218  -0.221568    8.19000
    25.0000    5.21698    1.03023    8.21000
    13.3333    5.23305   -1.14717    9.88000
    13.3333    5.23305   -1.14717    11.3800
    21.2766    5.23923  -0.798978    11.9600
    11.4943    5.24200   0.518913    14.1000
    23.8095    5.24563  -0.237131    9.32000
    16.9492    5.25305   0.947738    10.9500
    19.6078    5.25581  -0.556612    11.4400
    19.6078    5.25581  -0.556612    11.8400
    15.8730    5.26839  -0.360176    7.94000
    5.64972    5.27050  -0.632300    12.7400
    6.09756    5.28097  -0.790863    9.04000
    13.8889    5.29006    1.34529    8.18000
    21.7391    5.29785   0.747433    8.71000
    19.6078    5.31705   -1.01994    10.8400
    12.6582    5.34359  -0.486973    11.0900
    22.7273    5.35842   0.465593    7.93000
    15.1515    5.36504   0.669883    14.3000
    7.87401    5.36613    1.13929    10.9500
    8.19672    5.40496  -0.569149   10.56000
    8.19672    5.40496  -0.569149    11.5300
    14.9254    5.41078  -0.333123    9.53000
    25.0000    5.41507   0.616476    9.51000
    20.0000    5.41536  -0.375826    8.69000
    13.6986    5.41864   0.962486    14.5200
    9.34579    5.41951  -0.550096    8.76000
    16.1290    5.41965   0.341646    9.16000
    11.7647    5.42489   0.773380   10.45000
    21.7391    5.42874   0.589598    11.7100
    16.1290    5.43013   -1.38724    12.1600
    7.19424    5.46416    1.08166    9.22000
    12.5000    5.46634  -0.248185    14.0200
    22.7273    5.47187  -0.185469    9.52000
    14.7059    5.47216   -8.78770E-02    11.0300
    12.8205    5.47660   0.386996    11.4600
    13.3333    5.48969   0.696005    9.48000
    13.3333    5.48969   0.696005    11.6800
    22.7273    5.49143  -0.571011    8.72000
    22.7273    5.49376    1.16060E-02    8.92000
    12.1951    5.49485  -0.113620   10.57000
    18.1818    5.50714  -0.298973    11.1000
    14.7059    5.51696  -0.246497   10.36000
    10.7527    5.52612  -0.235240   10.54000
    23.8095    5.52714    1.03908    11.1200
    24.3902    5.53485  -0.764392    11.0600
    19.6078    5.54430   0.272328    14.5400
    20.0000    5.55361   0.659847   10.49000
    3.84615    5.56030  -0.681751    8.75000
    24.3902    5.56750   -1.18435    11.0600
    18.8679    5.58866  -0.818904    12.5200
    19.2308    5.60328    9.07600E-03    9.15000
    18.8679    5.60524    9.89000E-04    9.70000
    6.49351    5.61651   0.304006    11.3400
    16.3934    5.61673  -0.222121    8.03000
    7.46269    5.62240  -0.174707    12.5900
    4.67290    5.62967  -0.859047   10.33000
    13.1579    5.64880   0.684747   0.940000
    14.0845    5.65375   0.479934    9.11000
    13.3333    5.65527  -0.425422    13.9800
    22.7273    5.66698   0.938575    14.5200
    21.7391    5.66974  -0.216129    12.6100
    22.2222    5.70312    7.27200E-03    13.0700
    11.2360    5.72298  -0.824344    13.3500
    24.3902    5.72429   0.725122    9.52000
    14.4928    5.73156  -0.894302    11.5900
    23.2558    5.74516    5.70100E-03    14.1700
    17.8571    5.75068    1.31507    9.34000
    12.6582    5.75606  -0.344264    12.7900
    14.0845    5.75694   0.283149    9.87000
    21.2766    5.75919   -1.22460   10.36000
    21.2766    5.75919   -1.22460    13.8600
    21.2766    5.78864    2.82200E-03    12.2600
    8.92857    5.79010   -8.52880E-02    10.6700
    16.3934    5.79919   0.317241    9.03000
    21.7391    5.80268   0.546634    8.31000
    23.2558    5.80363    5.46900E-03    9.87000
    9.61538    5.82370  -0.157951    13.5900
    9.61538    5.82370  -0.157951    14.4900
    20.4082    5.85206   0.562138   0.920000
    22.7273    5.85547  -0.839732    12.0200
    3.95257    5.87395    1.00263    11.8700
    3.95257    5.87395    1.00263    13.3200
    22.7273    5.87453   0.325968    8.72000
    18.5185    5.89271   0.159144    9.03000
    22.2222    5.89424   0.934357    8.34000
    15.1515    5.90609   -1.90530E-02    9.12000
    3.27869    5.91554  -0.272124    14.6000
    9.17431    5.91671  -0.364423    9.29000
    9.17431    5.91671  -0.364423    11.6400
    22.7273    5.92893   0.323670    8.52000
    15.1515    5.93256  -0.828474   10.20000
    20.8333    5.95241   0.207984   10.01000
    5.12820    5.95445   0.769279    11.4500
    20.4082    5.95772  -0.646641    11.8500
    15.6250    5.96776  -0.128397    9.23000
    22.7273    5.97554   0.549601    9.42000
    24.3902    5.97758    1.10830E-02    11.5800
    4.78469    5.98027  -0.253420    11.7300
    13.8889    5.98827    1.05982    13.4900
    6.84932    5.99590   0.284313    9.49000
    25.0000    5.99823   0.484094    7.94000
    18.1818    6.00943  -0.203301    9.50000
    7.69231    6.01103  -0.397817    8.46000
    15.8730    6.01154  -0.463877    8.50000
    23.8095    6.02143    6.86500E-03    9.42000
    3.58423    6.03292  -0.630788    9.59000
    20.0000    6.03757   0.734111    9.39000
    22.2222    6.03888    1.11081    9.14000
    18.8679    6.04070  -0.408870    8.30000
    14.7059    6.04550    9.60000E-04   10.06000
    20.0000    6.04615  -0.273666    9.09000
    20.8333    6.08324   0.337719    9.61000
    20.8333    6.09088   0.803080    9.21000
    11.7647    6.11836    1.00501    9.70000
    22.2222    6.12135  -0.800840    11.7700
    23.2558    6.12825    9.86100E-03    8.52000
    6.45161    6.14934   0.343159    11.3300
    6.45161    6.14934   0.343159    13.4500
    14.4928    6.15291  -0.297141    9.58000
    12.5000    6.15902    1.48400E-03    10.6200
    16.6667    6.16287    2.31840E-02    8.48000
    3.14465    6.19349   0.766545    14.8000
    21.7391    6.19421    1.48640E-02    8.60000
    19.2308    6.19734    1.13740E-02    15.0800
    16.9492    6.20192   0.564029   10.53000
    18.1818    6.21029   0.627908    8.60000
    12.9870    6.21988   0.850582    11.5300
    5.74713    6.22468    3.72920E-02   10.18000
    20.0000    6.23239   0.343246    15.4900
    10.7527    6.23930    1.31361    11.6400
    16.6667    6.24214   0.501605    8.63000
    15.1515    6.24912  -0.384930    9.70000
    15.8730    6.25312  -0.111962   10.14000
    24.3902    6.25988  -0.293010    8.82000
    16.6667    6.26621   0.810701    8.51000
    25.0000    6.27297    5.90500E-03    9.11000
    22.7273    6.27821  -0.300573    9.12000
